0.0000349534 0.0000000000 0.0000000000 0.0041969885 0.0000000000 0.0004770821 0.0123125193 0.0204389841 0.0193048317 0.0236401713 0.0337798367 0.0701025075 0.0747739747 0.0659980361 0.0743794401 0.0000000000 0.1677285350 0.1472211803 0.0756316273 0.1422045286 0.0000000000 0.0000000000 0.0000000000 0.0677748032 0.0000000000
0.0094671308 0.0000000000 0.0000000000 0.0000000000 0.0000000000 0.0479629194 0.0120758430 0.0000000000 0.0000000000 0.0000000000 0.0706217375 0.0728771873 0.0146802919 0.0000000000 0.0000000000 0.1712700726 0.0856350363 0.0530617164 0.0000000000 0.0000000000 0.2526584253 0.1782350270 0.0240279311 0.0074266814 0.0000000000
0.0000000000 0.0000000000 0.0668572943 0.1172194845 0.0122739470 0.0324557912 0.0526094384 0.1197659079 0.1801375476 0.1297370478 0.0392247319 0.0725391953 0.1367879285 0.0000000000 0.0000000000 0.0000000000 0.0000000000 0.0403916857 0.0000000000 0.0000000000 0.0000000000 0.0000000000 0.0000000000 0.0000000000 0.0000000000
0.0000000000 0.0000866121 0.0003679110 0.0000192429 0.0000000000 0.0000000000 0.0126971576 0.0384373844 0.0036248913 0.0000000000 0.0204144012 0.1348656475 0.1876435556 0.0688884790 0.0000000000 0.0286374543 0.2327245601 0.1871095004 0.0509253552 0.0015804215 0.0000067736 0.0174833106 0.0142538551 0.0002334861 0.0000000004
0.0003543374 0.0000000000 0.0000000000 0.0000000000 0.0000000000 0.0294146225 0.0000000000 0.0000000000 0.0000000000 0.0000009774 0.0661204294 0.0459069908 0.0178007043 0.0045808721 0.0002004424 0.1256629227 0.1228025036 0.0619627648 0.0136480898 0.0000000000 0.1956269310 0.2326532925 0.0832641193 0.0000000000 0.0000000000
0.0000000000 0.0000000000 0.0785504876 0.1467981457 0.3182178496 0.0000000000 0.0000000000 0.0436115379 0.0799382936 0.2011199840 0.0000000000 0.0028669819 0.0123858127 0.0196706036 0.0754022500 0.0000000000 0.0000000000 0.0029452521 0.0060387546 0.0116420308 0.0000000000 0.0000000000 0.0000000000 0.0008120159 0.0000000000
0.1523252370 0.0268300133 0.0000000000 0.0000000000 0.0000000000 0.1395160693 0.0704287850 0.0000000000 0.0000000000 0.0000000000 0.1221228193 0.0415432464 0.0076657181 0.0069238744 0.0000000000 0.2113879838 0.0620071419 0.0000000000 0.0000000000 0.0000000000 0.1315536138 0.0276954976 0.0000000000 0.0000000000 0.0000000000
0.0000000000 0.0492965265 0.0000000000 0.0000000000 0.0000000000 0.1789851739 0.1107223448 0.0279710145 0.0000000000 0.0000000000 0.2219483699 0.0828505547 0.0196393371 0.0031846622 0.0002504260 0.1462224303 0.0546907505 0.0104122433 0.0011881029 0.0000000000 0.0736526875 0.0189350245 0.0000000000 0.0000503514 0.0000000000
0.0000000000 0.0000000000 0.0000000000 0.0000000000 0.0000146728 0.0000000000 0.0000000000 0.0001602034 0.0000000000 0.0004570515 0.0000000000 0.0003157863 0.0001533679 0.0019515356 0.0036365011 0.0000000000 0.0003241230 0.0028326426 0.0262362824 0.0880424735 0.0000000000 0.0084928804 0.0467880189 0.2667390035 0.5538554570
0.0000000000 0.0408146593 0.1383046565 0.0133632344 0.0000002180 0.0287764249 0.1998359177 0.1650265010 0.0797907979 0.0000000000 0.0321989848 0.1265442854 0.0928667315 0.0417409903 0.0000000000 0.0000000000 0.0192484359 0.0200816994 0.0010817086 0.0000000000 0.0000000000 0.0002168013 0.0001079530 0.0000000000 0.0000000000
0.0001171917 0.0021868317 0.0025055069 0.0002722137 0.0000000000 0.0045141835 0.0193973177 0.0467076518 0.0043184649 0.0000000000 0.0268385018 0.2120381772 0.1825407300 0.0355954527 0.0008087321 0.0261648751 0.2287291735 0.1397549213 0.0120609670 0.0006158602 0.0010151693 0.0318599969 0.0203775071 0.0015526389 0.0000279351
0.0000026475 0.0006116861 0.0175324290 0.0861592780 0.1435249121 0.0000000000 0.0063212483 0.0483987959 0.1702955089 0.2722906200 0.0000000000 0.0000000000 0.0344100401 0.0960990301 0.0851636852 0.0000000000 0.0001760458 0.0086652676 0.0165718845 0.0130798339 0.0000000000 0.0000006299 0.0000000000 0.0006964189 0.0000000381
0.0000000000 0.0000012044 0.0000000000 0.0000000000 0.0000000000 0.0000000000 0.0001562071 0.0014891696 0.0052659007 0.0000000000 0.0000265428 0.0020450479 0.0070743007 0.0240327119 0.0344598073 0.0000000000 0.0090330891 0.0423070184 0.0929013142 0.1844678385 0.0000000000 0.0000000000 0.1907097579 0.3454523271 0.0605777622
0.0000000000 0.1543474812 0.2542193809 0.1586777756 0.0000000000 0.0267690245 0.0734774396 0.1198295786 0.0678622708 0.0323122460 0.0000000000 0.0296381291 0.0485488401 0.0343178337 0.0000000000 0.0000000000 0.0000000000 0.0000000000 0.0000000000 0.0000000000 0.0000000000 0.0000000000 0.0000000000 0.0000000000 0.0000000000
0.0000000000 0.0133410996 0.0769966001 0.1471540440 0.1200995131 0.0000000000 0.0453716823 0.1150199292 0.1698691749 0.1473893071 0.0000000000 0.0000000000 0.0543258787 0.0646543881 0.0000000000 0.0000000000 0.0007456167 0.0194038396 0.0158305330 0.0073919697 0.0000000000 0.0000000000 0.0000000000 0.0024064239 0.0000000000
0.0000000000 0.0468298671 0.0845917257 0.0382798536 0.0000000000 0.0379152291 0.1073035514 0.1336141774 0.0933092454 0.0000000000 0.0000000000 0.1220548456 0.1042453418 0.0586572908 0.0000000000 0.0000000000 0.0747899282 0.0515065940 0.0228097667 0.0000000000 0.0000000000 0.0131319940 0.0108229524 0.0001376367 0.0000000000
0.0000013364 0.0000000000 0.0000000000 0.0227725798 0.0001956699 0.0023171852 0.0203766192 0.0719616489 0.0597196847 0.0133027199 0.0036265402 0.0336168047 0.0795695265 0.1080065429 0.0569951495 0.0000000000 0.0281841793 0.1175222964 0.1285864732 0.1441885646 0.0000000000 0.0084052001 0.1006512788 0.0000000000 0.0000000000
0.0000000000 0.0000000000 0.0000000000 0.0000000000 0.0000000000 0.2161606899 0.0968996196 0.0340745915 0.0153885252 0.0000000000 0.1734706476 0.0860243785 0.0076942626 0.0140307142 0.0000000000 0.2120196802 0.1211541029 0.0230827878 0.0000000000 0.0000000000 0.0000000000 0.0000000000 0.0000000000 0.0000000000 0.0000000000
0.0000000000 0.0000000000 0.0000000000 0.0000000000 0.0000000000 0.0060190086 0.0148931193 0.0074545813 0.0015058400 0.0000000000 0.0340219954 0.0249658729 0.0348125046 0.0093016444 0.0000000000 0.1340066574 0.2040156715 0.0880634568 0.0357272612 0.0078195486 0.1190846786 0.2630352193 0.0000000000 0.0144485107 0.0008244293
0.0000000000 0.0000000000 0.0000000000 0.0000000000 0.1842942613 0.0000000000 0.0257331294 0.0194087967 0.0451109691 0.1892391922 0.0000000000 0.0000000000 0.0569456519 0.1280916450 0.3511763543 0.0000000000 0.0000000000 0.0000000000 0.0000000000 0.0000000000 0.0000000000 0.0000000000 0.0000000000 0.0000000000 0.0000000000
0.0000000000 0.0008635752 0.0069717075 0.0235555943 0.0011566054 0.0000000000 0.0056280637 0.0503884070 0.0894870166 0.0726317408 0.0008095738 0.0172723680 0.0870728442 0.2214265438 0.1151079756 0.0004236088 0.0071648485 0.0666572500 0.1281674069 0.0622502408 0.0000005871 0.0000000000 0.0115577941 0.0306666831 0.0007395648
0.0000000000 0.0000000000 0.0000000000 0.0000000000 0.0000000000 0.0000000000 0.0018358739 0.0055568760 0.0000000000 0.0000000000 0.0025361085 0.0819331844 0.0704779694 0.0114276941 0.0000000000 0.1295756672 0.2495732631 0.0858881105 0.0000003959 0.0000000000 0.2346204182 0.1265726818 0.0000017570 0.0000000000 0.0000000000
0.0000000000 0.0000000000 0.0000000000 0.0000000000 0.0000000000 0.0000000000 0.0000000000 0.0000000000 0.0000000218 0.0000000000 0.0000000000 0.0000000000 0.0029540272 0.0050350777 0.0000000000 0.0000000000 0.0880492674 0.0519967407 0.0784017973 0.0000000000 0.0000000000 0.2783824207 0.4951806473 0.0000000000 0.0000000000
0.0000000000 0.0000079600 0.0781407772 0.0020818881 0.0000000000 0.0000040782 0.2014874166 0.1816531640 0.1054432561 0.0002491018 0.0630626368 0.1614380052 0.1054622168 0.0274339980 0.0000013205 0.0000000000 0.0402266561 0.0333054931 0.0000007110 0.0000000000 0.0000000000 0.0000000000 0.0000013205 0.0000000000 0.0000000000
0.0000000000 0.0388456160 0.0573732261 0.0000000000 0.0000045611 0.0407401387 0.1211477220 0.0786626640 0.0370164044 0.0015647530 0.1032587815 0.1522723885 0.0923899749 0.0439077115 0.0074779401 0.0481691213 0.0792907622 0.0521141263 0.0158610296 0.0000000000 0.0000000000 0.0195187691 0.0088680678 0.0015162420 0.0000000000
0.0000000000 0.0000000000 0.0000000000 0.0000000000 0.0000000000 0.0000000000 0.0000000000 0.0000000000 0.0000000000 0.0000000000 0.0000000000 0.0000000000 0.0023189766 0.0071362199 0.0245331357 0.0000000000 0.0000000000 0.0000000000 0.0111381226 0.0710280576 0.0000000000 0.0000000000 0.0000000000 0.1610380173 0.7228074703
0.0000000000 0.0000000000 0.0000000000 0.0000000000 0.0000000000 0.0000000000 0.0000000000 0.1808847476 0.1808847476 0.0000000000 0.0904423738 0.1808847476 0.1867197395 0.0897412701 0.0904423738 0.0000000000 0.0000000000 0.0000000000 0.0000000000 0.0000000000 0.0000000000 0.0000000000 0.0000000000 0.0000000000 0.0000000000
0.0000088033 0.0316482286 0.0258936976 0.0000776754 0.0000000002 0.0359396282 0.3149845446 0.1639281650 0.0173360284 0.0000210860 0.0242565944 0.1446253096 0.1619843596 0.0241354334 0.0003647565 0.0000805882 0.0100003698 0.0424324942 0.0022805518 0.0000000000 0.0000000001 0.0000000003 0.0000016848 0.0000000000 0.0000000000
0.0285590522 0.2297149197 0.1033803884 0.0000000000 0.0000000000 0.2310859488 0.1332209154 0.0527317382 0.0207292657 0.0000000000 0.0934087780 0.0684042603 0.0194564714 0.0193082618 0.0000000002 0.0000000000 0.0000000000 0.0000000000 0.0000000000 0.0000000000 0.0000000000 0.0000000000 0.0000000000 0.0000000000 0.0000000000
0.0176361863 0.0388328948 0.0071852113 0.0002788555 0.0000000000 0.0754646866 0.1446312557 0.0343704555 0.0049602229 0.0000489295 0.1882619183 0.2074016805 0.0586610596 0.0116170907 0.0002650504 0.0396835712 0.1190689521 0.0366022902 0.0000000000 0.0000000000 0.0008549972 0.0076443899 0.0064704226 0.0000598744 0.0000000049
0.0000000000 0.0000000000 0.0016569466 0.0004546107 0.0000000257 0.0000000000 0.0000000000 0.0325393830 0.1231581704 0.0021814350 0.0000000000 0.0000000000 0.0754255025 0.2177345667 0.2751982248 0.0000000892 0.0004325809 0.0213177969 0.1205819449 0.1159143896 0.0000000000 0.0000000157 0.0002766233 0.0131241052 0.0000035889
0.0000037242 0.0006556610 0.0083541245 0.0080329938 0.0008458903 0.0003973207 0.0141815708 0.0720927795 0.0872443285 0.0140058646 0.0000000000 0.0318343198 0.1797192953 0.1878489167 0.0604061174 0.0005639079 0.0216924488 0.1098165878 0.1322650638 0.0200346481 0.0000117464 0.0020593175 0.0217774749 0.0233348328 0.0028210649
0.0000407369 0.0000000000 0.0000000000 0.0000000000 0.0000000000 0.0007659480 0.0034855483 0.0035750455 0.0000000000 0.0000000000 0.0200456579 0.0274959314 0.0241318380 0.0051295263 0.0000000000 0.0765247749 0.1381765376 0.0617243629 0.0198485028 0.0039244048 0.2476197938 0.2702003104 0.0784847041 0.0178067574 0.0010196189
0.0000000000 0.0000000000 0.0000019873 0.1280508088 0.0000000000 0.0000000000 0.0000015733 0.2304891869 0.3585352758 0.0000000000 0.0000000000 0.0256111885 0.1548701817 0.1024386266 0.0000000000 0.0000000000 0.0000003312 0.0000007571 0.0000000828 0.0000000000 0.0000000000 0.0000000000 0.0000000000 0.0000000000 0.0000000000
0.0000000000 0.0000000000 0.0000000000 0.0000000000 0.0000000000 0.0000000000 0.0000000000 0.0000000000 0.0000000000 0.0000000000 0.0000000000 0.0000000000 0.0008363099 0.0000000009 0.0000013051 0.0007761999 0.0014401971 0.0000057048 0.0000000000 0.0000000000 0.9969402823 0.0000000000 0.0000000000 0.0000000000 0.0000000000
0.0000000000 0.0000000000 0.0170522782 0.0033334370 0.0000000000 0.0311967830 0.0722656575 0.0406627118 0.0032505311 0.0000000000 0.1329120494 0.1079882165 0.0654959393 0.0000000000 0.0000000000 0.1108739863 0.1672728309 0.0599025486 0.0275308119 0.0000000000 0.0000000000 0.1069884947 0.0419686359 0.0113050878 0.0000000000
0.0000000000 0.0197729418 0.0308868778 0.0000236669 0.0000000000 0.0194016182 0.3222619699 0.2047829483 0.0188740815 0.0000035324 0.0207604941 0.1494315507 0.1478163531 0.0272443404 0.0003047235 0.0000152234 0.0132752355 0.0250794475 0.0000000000 0.0000000000 0.0000000000 0.0000020525 0.0000629426 0.0000000000 0.0000000000
0.0000000000 0.0000000000 0.0000000000 0.0000000000 0.0000000000 0.0000000000 0.0000000000 0.0005365402 0.0000000000 0.0000000000 0.0421026365 0.0109679574 0.0032957696 0.0007525955 0.0000000000 0.0513975912 0.0349739886 0.0255381915 0.0000000000 0.0000000000 0.3263441668 0.2417640388 0.1821187581 0.0802077660 0.0000000000
0.0000079354 0.0067887864 0.1339541396 0.2876856943 0.2193099182 0.0044956908 0.0334525541 0.1034444298 0.1135762305 0.0548571720 0.0000000000 0.0022945263 0.0215332814 0.0160312943 0.0004404177 0.0000000000 0.0000000000 0.0020764376 0.0000514914 0.0000000000 0.0000000000 0.0000000000 0.0000000000 0.0000000000 0.0000000000
0.0000000000 0.0000000000 0.0000000000 0.0000000000 0.0000000000 0.0000000000 0.2707751458 0.0000000000 0.0000000000 0.0000000000 0.0000000000 0.3080353744 0.4211894798 0.0000000000 0.0000000000 0.0000000000 0.0000000000 0.0000000000 0.0000000000 0.0000000000 0.0000000000 0.0000000000 0.0000000000 0.0000000000 0.0000000000
0.0000000000 0.0000000000 0.0000000000 0.0000000000 0.0000000000 0.0000000000 0.0000258694 0.0000000000 0.0000055799 0.0000000000 0.0000207617 0.1639601109 0.4919651018 0.1526312247 0.0000226509 0.0000000104 0.0147202268 0.1707244907 0.0059239716 0.0000000007 0.0000000000 0.0000000007 0.0000000000 0.0000000000 0.0000000000
0.0000000000 0.0000000000 0.0000000000 0.0000000000 0.0000000000 0.0000000000 0.0248310592 0.0000000000 0.0000000000 0.0000000000 0.0000000000 0.0287443092 0.0422272452 0.0000000000 0.0000000000 0.0000000000 0.0624069019 0.0926942194 0.0000000000 0.0000000000 0.3562837484 0.1964392191 0.1963732976 0.0000000000 0.0000000000
0.0000000000 0.0000000000 0.0000000000 0.0000008323 0.0000000000 0.0000000000 0.0004419139 0.0364504175 0.1592094225 0.0000012887 0.0000000000 0.0450625504 0.2877841507 0.3957663087 0.0000024774 0.0000000000 0.0000000000 0.0752789990 0.0000016389 0.0000000000 0.0000000000 0.0000000000 0.0000000000 0.0000000000 0.0000000000
0.0000000000 0.0000000000 0.0000000000 0.0282049779 0.0000000000 0.0000000000 0.0000000000 0.0288558620 0.0794078610 0.1567545889 0.0000000000 0.0000000000 0.0499011148 0.1220407699 0.2703881058 0.0000000000 0.0000000000 0.0284761796 0.0769670456 0.1483949514 0.0000000000 0.0000000000 0.0000000000 0.0106085431 0.0000000000
0.0000000000 0.2439851021 0.2062015846 0.2277442292 0.0154823950 0.0000000000 0.0665070903 0.0552667797 0.0619860182 0.0000000000 0.0052997734 0.0297671100 0.0248084325 0.0421644851 0.0000000000 0.0000000000 0.0053080958 0.0154789040 0.0000000000 0.0000000000 0.0000000000 0.0000000000 0.0000000000 0.0000000000 0.0000000000
0.0000000000 0.0238613489 0.0306326531 0.0000340806 0.0000000000 0.0070138362 0.3499499927 0.3186874148 0.0081277371 0.0000035874 0.0001685971 0.0701654004 0.1275670057 0.0450002201 0.0000002117 0.0000000000 0.0003943060 0.0182186080 0.0001750002 0.0000000000 0.0000000000 0.0000000000 0.0000000000 0.0000000000 0.0000000000
0.2057889575 0.0477234687 0.0004821769 0.0000000000 0.0000000000 0.2005899907 0.1374295177 0.0182428027 0.0000467587 0.0000000000 0.1701386450 0.1139583619 0.0288052632 0.0000000000 0.0000000000 0.0000000013 0.0767940556 0.0000000000 0.0000000000 0.0000000000 0.0000000000 0.0000000000 0.0000000000 0.0000000000 0.0000000000
0.0000049514 0.0004134890 0.0041519105 0.0000000000 0.0000000000 0.0007664259 0.0084755524 0.0358962820 0.0144933271 0.0044663830 0.0074989608 0.0470347490 0.1178001261 0.0795625192 0.0128798337 0.0000000000 0.0979850760 0.1857605496 0.1004341179 0.0355417045 0.0003432655 0.0628164928 0.1159329260 0.0652128264 0.0025285311
0.0000000000 0.0026471225 0.0126050457 0.0100736875 0.0000000000 0.0042264525 0.0251819250 0.1013912051 0.1009739884 0.0000000000 0.0162634077 0.1371998073 0.2014096180 0.1195586623 0.0130602562 0.0000000000 0.0845798064 0.1182662760 0.0252835360 0.0020277868 0.0000000000 0.0095033397 0.0118758893 0.0037817461 0.0000904416
0.0000000000 0.0000000000 0.0000030260 0.0000000153 0.0000000000 0.0000000000 0.0000000000 0.2694087606 0.0000031545 0.0000000000 0.0000000000 0.0000000000 0.1396934314 0.3262030398 0.0000000000 0.0000000000 0.0000000000 0.2646854179 0.0000031545 0.0000000000 0.0000000000 0.0000000000 0.0000000000 0.0000000000 0.0000000000
