0.0978795728 0.0756601556 0.0000000000 0.1481189664 0.1980842231 0.0902042147 0.1633106082 0.1356771424 0.0910651167
0.0000000000 0.1126273245 0.1641528052 0.0000000000 0.1611046203 0.2265678130 0.0513091567 0.1260605980 0.1581776824
0.0000000000 0.0000000000 0.0000000000 0.0000000000 0.2850515890 0.0000000000 0.3662846419 0.3486637691 0.0000000000
0.3148325768 0.2462210321 0.0000000000 0.2536528217 0.1852935694 0.0000000000 0.0000000000 0.0000000000 0.0000000000
0.0000000000 0.1451192641 0.0000000000 0.2568837317 0.1748234609 0.0738790556 0.2135745668 0.1357199208 0.0000000000
0.1058216096 0.0000000000 0.0000000000 0.2096372648 0.1413748305 0.0000000000 0.2285352923 0.1940953703 0.1205356325
0.1925235055 0.2184749468 0.1332860233 0.1214846008 0.1824384932 0.0915894708 0.0000000000 0.0602029596 0.0000000000
0.0000000000 0.0000000000 0.0000000000 0.5738874154 0.4261125846 0.0000000000 0.0000000000 0.0000000000 0.0000000000
0.0000000000 0.0000000000 0.0000000000 0.0000000000 0.2633951166 0.0000000000 0.3660040386 0.3706008448 0.0000000000
0.1544217111 0.1263421720 0.0311361582 0.1943725430 0.1524308620 0.0000000000 0.1525524943 0.1415963772 0.0471476823
0.0000000000 0.4249252264 0.3342385284 0.0000000000 0.2408362452 0.0000000000 0.0000000000 0.0000000000 0.0000000000
0.0000000000 0.3166955041 0.2946752870 0.0000000000 0.1859042245 0.2027249843 0.0000000000 0.0000000000 0.0000000000
0.1464303524 0.1718265562 0.0708667858 0.1653720234 0.1825361164 0.0841722111 0.0873500016 0.0914459531 0.0000000000
0.0000000000 0.5715008540 0.0000000000 0.0000000000 0.4284991460 0.0000000000 0.0000000000 0.0000000000 0.0000000000
0.1242097975 0.0000000000 0.0000000000 0.1964403706 0.1122714667 0.0000000000 0.2215579144 0.2239453554 0.1215750953
0.0000000000 0.5587727028 0.0000000000 0.0000000000 0.4412272972 0.0000000000 0.0000000000 0.0000000000 0.0000000000
0.0000000000 0.0000000000 0.3953258559 0.0000000000 0.2775024341 0.3271717100 0.0000000000 0.0000000000 0.0000000000
0.0937324861 0.1626504039 0.1487724508 0.0833514188 0.1779230404 0.1676279493 0.0000000000 0.0866638677 0.0792783830
0.0000000000 0.0000000000 0.0000000000 0.0000000000 0.1686123740 0.0000000000 0.2477136869 0.3266925895 0.2569813496
0.2744593908 0.3255893333 0.2563861638 0.0000000000 0.1435651120 0.0000000000 0.0000000000 0.0000000000 0.0000000000
0.1296850362 0.1117152615 0.0497232077 0.1967788017 0.1269005175 0.0000000000 0.1894845373 0.1404064374 0.0553062007
0.0000000000 0.5316076323 0.0000000000 0.0000000000 0.4683923677 0.0000000000 0.0000000000 0.0000000000 0.0000000000
0.1248731628 0.1338858403 0.0000000000 0.1206084802 0.2231430671 0.1558966303 0.0000000000 0.1365969243 0.1049958951
0.0000000000 0.1625300790 0.1966981790 0.0000000000 0.1589799303 0.2267205537 0.0000000000 0.0957848628 0.1592863951
0.1790761816 0.2309815773 0.1867799033 0.1168939001 0.1353508317 0.1509176060 0.0000000000 0.0000000000 0.0000000000
0.0000000000 0.2734067780 0.2557195484 0.1471399490 0.1686094533 0.1551242714 0.0000000000 0.0000000000 0.0000000000
0.1503584742 0.1578730696 0.0000000000 0.1140543914 0.2337613753 0.0962706908 0.0000000000 0.1297613532 0.1179206455
0.0000000000 0.0000000000 0.0000000000 0.0000000000 0.2933100237 0.0000000000 0.0000000000 0.3601672902 0.3465226861
0.1724972373 0.1183235598 0.0000000000 0.2161239632 0.1424269196 0.0577300781 0.1749732645 0.1179249775 0.0000000000
0.0000000000 0.0000000000 0.3546527807 0.0000000000 0.2819712343 0.3633759851 0.0000000000 0.0000000000 0.0000000000
0.0000000000 0.0000000000 0.0000000000 0.1630263436 0.1601627272 0.1158765677 0.1962721603 0.2248111712 0.1398510300
0.0000000000 0.5816583121 0.0000000000 0.0000000000 0.4183416879 0.0000000000 0.0000000000 0.0000000000 0.0000000000
0.0000000000 0.1576670524 0.0000000000 0.2683597916 0.1872937591 0.0000000000 0.2244202003 0.1622591966 0.0000000000
0.1913529236 0.2282822596 0.0000000000 0.0000000000 0.1718073489 0.0000000000 0.0000000000 0.2002540638 0.2083034040
0.0000000000 0.0000000000 0.0000000000 0.3125259270 0.1768995712 0.0000000000 0.3031343229 0.2074401789 0.0000000000
0.0000000000 0.0000000000 0.0286976619 0.0000000000 0.0296581705 0.0664492522 0.0595242802 0.2203432106 0.5953274246
0.2602365296 0.0000000000 0.0000000000 0.3250581435 0.1599634971 0.0000000000 0.2547418299 0.0000000000 0.0000000000
0.0000000000 0.1715521578 0.0000000000 0.1847103651 0.2590473745 0.1049022148 0.0000000000 0.1576416377 0.1221462502
0.0000000000 0.5580856274 0.0000000000 0.0000000000 0.4419143726 0.0000000000 0.0000000000 0.0000000000 0.0000000000
0.0000000000 0.0000000000 0.0799997617 0.0000000000 0.0817983172 0.1229383807 0.0572687104 0.1541328542 0.5038619758
0.0000000000 0.1699122721 0.1810073149 0.0000000000 0.1656190542 0.2077680942 0.0000000000 0.1057786637 0.1699146009
0.0000000000 0.0000000000 0.0000000000 0.4214740754 0.2223258070 0.0000000000 0.3562001176 0.0000000000 0.0000000000
0.0673998024 0.1240352468 0.0700063910 0.1187361985 0.2031692654 0.1264971941 0.0698255132 0.1429703706 0.0773600181
0.0757297409 0.1158195501 0.0761636292 0.1262267390 0.2116402485 0.1294372425 0.0727744444 0.1290300840 0.0631783213
0.1689865253 0.1052518946 0.0000000000 0.1853401041 0.1580876053 0.0693850836 0.2050161193 0.1079326678 0.0000000000
0.0000000000 0.1575394357 0.0000000000 0.0000000000 0.2269272010 0.1682223918 0.0000000000 0.2045412169 0.2427697546
0.1722672536 0.1553463040 0.1039526412 0.1715443408 0.1392566269 0.0862451024 0.0912278616 0.0801598695 0.0000000000
0.0000000000 0.0000000000 0.0000000000 0.5747174488 0.4252825512 0.0000000000 0.0000000000 0.0000000000 0.0000000000
0.3128227900 0.2474453896 0.0000000000 0.0000000000 0.2369964912 0.0000000000 0.0000000000 0.2027353292 0.0000000000
0.0000000000 0.0000000000 0.0000000000 0.0000000000 0.1883983216 0.2265795951 0.0000000000 0.0000000000 0.5850220833
