0.0000000170 0.0005901707 0.0079280698 0.0008350226 0.0000000150 0.0006996648 0.0428997798 0.1694355210 0.0294569924 0.0041754338 0.0070523694 0.1678967223 0.1780581381 0.1687427844 0.0028314164 0.0004872240 0.0197314519 0.1660884886 0.0197554933 0.0035814891 0.0000000000 0.0000000140 0.0067357299 0.0030179913 0.0000000000
0.0012144159 0.0238354755 0.0419069720 0.0238877464 0.0010069402 0.0238890931 0.0661598902 0.0753815402 0.0661323020 0.0238436499 0.0417372458 0.0744714709 0.0766025689 0.0753739424 0.0419477250 0.0238904636 0.0661343266 0.0753557390 0.0661399980 0.0190454960 0.0012150511 0.0239612962 0.0417879239 0.0238711124 0.0012076147
0.0005263030 0.0084467889 0.0240451774 0.0183529387 0.0011123288 0.0163052284 0.0595310538 0.1091961217 0.0468120871 0.0091857540 0.0120346163 0.1123156266 0.1156718451 0.1128690885 0.0141437379 0.0212608640 0.0681334950 0.1123666164 0.0642457074 0.0113413009 0.0008237641 0.0107168736 0.0322188751 0.0165005525 0.0018432544
0.0000000062 0.0076803774 0.0231896216 0.0155132089 0.0000000000 0.0051265070 0.0469817791 0.1561784831 0.0253430242 0.0007174999 0.0199434879 0.1564636918 0.1643145567 0.1545319868 0.0116091972 0.0139574109 0.0194587971 0.1525613019 0.0057975786 0.0088189825 0.0005333555 0.0000000149 0.0000000000 0.0104769643 0.0008021665
0.0000000042 0.0072771036 0.0159903241 0.0038192922 0.0000000054 0.0098005117 0.0275168355 0.1574517230 0.0409101892 0.0043104686 0.0135267326 0.1595909562 0.1696554613 0.1600919210 0.0087931097 0.0001672533 0.0325814820 0.1593622976 0.0159438716 0.0030160968 0.0002308126 0.0036420796 0.0032325881 0.0029149426 0.0001739373
0.0002311443 0.0013397558 0.0977305633 0.0721991990 0.0050219935 0.0007994887 0.0033509330 0.0114432417 0.4942067921 0.0883782591 0.0007449701 0.0019780610 0.0045060721 0.0115645413 0.1932809788 0.0001552013 0.0007120864 0.0018272338 0.0040605396 0.0030493057 0.0000000000 0.0001787100 0.0011179487 0.0013036974 0.0008192834
0.0000000000 0.0000000236 0.0001020199 0.0000000261 0.0000000000 0.0000000241 0.0164264130 0.1886559522 0.0191906765 0.0000000258 0.0001017057 0.1885250796 0.2008512766 0.1881788881 0.0000451194 0.0000000169 0.0057546535 0.1872850514 0.0048830413 0.0000000064 0.0000000000 0.0000000000 0.0000000000 0.0000000000 0.0000000000
0.0002669963 0.0054724722 0.0184426034 0.0241894388 0.0002383913 0.0015422525 0.0368805463 0.1435576073 0.0548267611 0.0014080467 0.0275463551 0.1444003145 0.1477825543 0.1414381218 0.0147308380 0.0093113486 0.0331687115 0.1391504512 0.0223725398 0.0067291736 0.0002648308 0.0067135903 0.0137661995 0.0054631415 0.0003367134
0.0012002799 0.0236904754 0.0416422767 0.0237362372 0.0012144116 0.0237864236 0.0657217780 0.0749540237 0.0657219013 0.0237756819 0.0416932816 0.0749498700 0.0760755156 0.0748790108 0.0416886421 0.0236448784 0.0657191246 0.0749546689 0.0657137189 0.0236247717 0.0011994900 0.0237512540 0.0416789992 0.0237823267 0.0012009581
0.0003612839 0.0006946327 0.0141141533 0.0008940931 0.0005810945 0.0006305302 0.0377135277 0.1657043093 0.0078271783 0.0007041550 0.0144116216 0.1689382376 0.1787475998 0.1680699004 0.0031847080 0.0000000133 0.0301611617 0.1692502565 0.0258363772 0.0082648365 0.0000000000 0.0010532039 0.0028571174 0.0000000081 0.0000000000
0.0012848480 0.0133284246 0.0055865853 0.0133696820 0.0010273687 0.0126769895 0.0245460677 0.1468394096 0.0701426682 0.0127021778 0.0001561656 0.1466371900 0.1583678709 0.1479855520 0.0000000000 0.0088938892 0.0184788173 0.1479931546 0.0185019915 0.0003956129 0.0005111013 0.0000000000 0.0370879865 0.0126273067 0.0008591400
0.0008481279 0.0058736239 0.0122426757 0.0121709383 0.0005060511 0.0230336409 0.0357597410 0.1317783160 0.0474017673 0.0170520038 0.0174530245 0.1307223092 0.1397919250 0.1357966983 0.0109651275 0.0082709157 0.0438628114 0.1330063613 0.0495411638 0.0052518071 0.0003241475 0.0102136123 0.0122959143 0.0152698645 0.0005674317
0.0000000000 0.0000000299 0.0000931008 0.0000000301 0.0000000000 0.0000000281 0.0155865327 0.1921231801 0.0112612272 0.0000000249 0.0000638676 0.1916946452 0.2044013659 0.1912477196 0.0000000000 0.0000000132 0.0001932654 0.1912509724 0.0020839807 0.0000000120 0.0000000000 0.0000000043 0.0000000000 0.0000000000 0.0000000000
0.0003808311 0.0174720051 0.0154762960 0.0035937415 0.0008706481 0.0084499357 0.0359620866 0.1450815033 0.0327257483 0.0086136983 0.0229698110 0.1453939328 0.1516264287 0.1443532403 0.0122638303 0.0066292820 0.0413154747 0.1424301805 0.0323695104 0.0079283173 0.0001758068 0.0078675118 0.0151492092 0.0004401117 0.0004608586
0.0002890643 0.0090930329 0.0088786877 0.0133724584 0.0003979442 0.0122771688 0.0274144963 0.1336059505 0.0290750270 0.0108511155 0.0246318194 0.1338972540 0.1416917577 0.1342974847 0.0345967969 0.0113405076 0.0251336258 0.1355916762 0.0473062071 0.0154450772 0.0002711492 0.0129367676 0.0274855609 0.0096239723 0.0004953979
0.0003321726 0.0034074026 0.0189364546 0.0093733768 0.0003134966 0.0054654824 0.0246907345 0.1214820197 0.0307396354 0.0094460016 0.0119381186 0.1226429961 0.1287604352 0.1215107871 0.0306645882 0.0096304848 0.0615453408 0.1233101721 0.0615439201 0.0163106755 0.0011010133 0.0265503721 0.0412498109 0.0178121955 0.0012423130
0.0000000041 0.0055398976 0.0152520423 0.0000000000 0.0004458367 0.0052640967 0.0384373246 0.1557357508 0.0274532030 0.0007091402 0.0000000000 0.1508902592 0.1622435322 0.1527811634 0.0160788587 0.0078294856 0.0408336018 0.1534974260 0.0482107662 0.0052375426 0.0003268242 0.0099833021 0.0029189857 0.0000000147 0.0003309417
0.0006940347 0.0204585625 0.0140266053 0.0086581490 0.0009432668 0.0168488033 0.0284061206 0.1218111727 0.0510365854 0.0086452158 0.0277946964 0.1227921774 0.1276235944 0.1227579601 0.0358465301 0.0102748619 0.0422250357 0.1223242899 0.0378523326 0.0081930286 0.0004611648 0.0081894046 0.0412224036 0.0205026004 0.0004114036
0.0012004281 0.0237505923 0.0416096656 0.0237519084 0.0012038416 0.0237218892 0.0657124581 0.0749650058 0.0656713766 0.0237244358 0.0416499928 0.0748892753 0.0760926910 0.0750019195 0.0416401158 0.0238159172 0.0656257146 0.0749820751 0.0657287636 0.0237237875 0.0011989191 0.0236781992 0.0417219346 0.0237348597 0.0012042335
0.0000000000 0.0000000257 0.0000927382 0.0000000354 0.0000000000 0.0000000211 0.0123600147 0.1936774198 0.0074368200 0.0000000189 0.0000421652 0.1925301059 0.2067534355 0.1934195123 0.0000260123 0.0000000063 0.0002228221 0.1932521248 0.0001867218 0.0000000000 0.0000000000 0.0000000000 0.0000000000 0.0000000000 0.0000000000
0.0014818794 0.0293260850 0.0000000000 0.0232767229 0.0011019476 0.0194211290 0.0604827657 0.0878967717 0.0604452240 0.0235959697 0.0384052970 0.0904333528 0.0892806119 0.0919334458 0.0425552264 0.0194775453 0.0537302976 0.0903517190 0.0563578525 0.0248928221 0.0012661062 0.0232998743 0.0408275598 0.0290569854 0.0011028088
0.0004176603 0.0034179808 0.0155413083 0.0073926218 0.0004634071 0.0002421518 0.0270610428 0.1710938984 0.0016722686 0.0042722252 0.0108305756 0.1678517756 0.1788457545 0.1708150851 0.0042435617 0.0031972109 0.0247543007 0.1682501985 0.0184861919 0.0040005672 0.0000000092 0.0030313802 0.0090408363 0.0050779822 0.0000000054
0.0004145851 0.0063169563 0.0251859017 0.0081701748 0.0002917358 0.0004478672 0.0276961092 0.1661620769 0.0319380477 0.0000000069 0.0201258888 0.1652371011 0.1775307999 0.1648963281 0.0112153392 0.0000000054 0.0000763926 0.1677150795 0.0063055346 0.0063629006 0.0000000040 0.0071378934 0.0000000000 0.0063571365 0.0004161345
0.0000000000 0.0000000138 0.0000502774 0.0000000091 0.0000000000 0.0000000363 0.0176092883 0.1893502771 0.0089516072 0.0000000539 0.0000000000 0.1855696181 0.1988589429 0.1862512620 0.0000501141 0.0000000363 0.0265133619 0.1859725136 0.0001286443 0.0000000000 0.0000000000 0.0000000000 0.0000000000 0.0006939438 0.0000000000
0.0007280664 0.0119775748 0.0280696848 0.0136793635 0.0005190863 0.0109106499 0.0490547553 0.1436945594 0.0621277179 0.0111840660 0.0421030076 0.1415197286 0.1494714359 0.1426070093 0.0000561213 0.0061678620 0.0149002252 0.1417830283 0.0240687517 0.0000000243 0.0000000111 0.0000000135 0.0039014530 0.0008746882 0.0006011157
0.0000000000 0.0000000072 0.0000000000 0.0000000000 0.0000000000 0.0000000000 0.0001087020 0.1964765620 0.0042383350 0.0000000000 0.0000269500 0.1959946924 0.2102197231 0.1965912124 0.0000000000 0.0000000116 0.0000816693 0.1962233284 0.0000388065 0.0000000000 0.0000000000 0.0000000000 0.0000000000 0.0000000000 0.0000000000
0.0000000144 0.0004802779 0.0061829913 0.0000000223 0.0000000042 0.0005585543 0.0230897970 0.1796877859 0.0435027496 0.0003780517 0.0000825998 0.1802279718 0.1915713505 0.1789649593 0.0038887595 0.0000000074 0.0001093816 0.1785132190 0.0126970013 0.0000000074 0.0000000000 0.0000000209 0.0000644623 0.0000000103 0.0000000000
0.0039765234 0.0016051201 0.0018399759 0.0000073885 0.0000000000 0.0006217505 0.0232307419 0.0001682479 0.0001318071 0.0000000000 0.9295239186 0.0020210520 0.0000910103 0.0000181963 0.0000000138 0.0074240699 0.0239349478 0.0001045785 0.0000309442 0.0000008648 0.0010783792 0.0010561717 0.0031255509 0.0000087467 0.0000000000
0.0000000000 0.0000000429 0.0001395881 0.0000000473 0.0000000000 0.0000000497 0.0236281976 0.1852753160 0.0280720224 0.0000000403 0.0001837005 0.1843566469 0.1964392737 0.1839486895 0.0000661729 0.0000000178 0.0091444348 0.1831450414 0.0056007069 0.0000000113 0.0000000000 0.0000000000 0.0000000000 0.0000000000 0.0000000000
0.0004120245 0.0000000000 0.0081826628 0.0034023812 0.0003224200 0.0000000000 0.0153292073 0.1768791866 0.0153215385 0.0002074426 0.0106815459 0.1768631165 0.1885671432 0.1770122043 0.0000000000 0.0071346143 0.0235949254 0.1774836353 0.0000000000 0.0071382155 0.0002565715 0.0000000000 0.0059440334 0.0049233172 0.0003438142
0.0007506352 0.0003044270 0.0135807088 0.0128722938 0.0007126795 0.0096384512 0.0561054835 0.1136797663 0.0394997577 0.0120224524 0.0194580227 0.1156297380 0.1207900086 0.1152304602 0.0359954102 0.0057835335 0.0558475876 0.1153081735 0.0618401835 0.0289310868 0.0008397805 0.0045323374 0.0339116703 0.0261789313 0.0005564204
0.0000000000 0.0000000058 0.0060224563 0.0000000061 0.0000000000 0.0036356426 0.0019082188 0.1696409318 0.0085428918 0.0082968149 0.0127584089 0.1692515841 0.1817469094 0.1690191927 0.0190738956 0.0110687336 0.0134701741 0.1699710534 0.0255401026 0.0064583413 0.0002273909 0.0090155519 0.0063914997 0.0073006130 0.0006595806
0.0002512098 0.0075848510 0.0147221686 0.0057560611 0.0003122901 0.0012071031 0.0603766940 0.1452117676 0.0446086871 0.0072208723 0.0153319863 0.1428076782 0.1557305020 0.1445180793 0.0099486874 0.0116452374 0.0311047943 0.1443547020 0.0443405025 0.0000000120 0.0002094257 0.0062030305 0.0001156786 0.0061616589 0.0002763202
0.0000000000 0.0000000192 0.0000705048 0.0000000058 0.0000000000 0.0000000114 0.0001093924 0.1971409257 0.0001169767 0.0000000072 0.0000236520 0.1970759619 0.2106551842 0.1975407939 0.0000000000 0.0000000000 0.0000914123 0.1969934090 0.0001817433 0.0000000000 0.0000000000 0.0000000000 0.0000000000 0.0000000000 0.0000000000
0.0012070292 0.0237096917 0.0416061805 0.0237275079 0.0012078132 0.0237228182 0.0657125663 0.0750010197 0.0657363498 0.0237646222 0.0416610086 0.0749917405 0.0760980972 0.0749546058 0.0415497484 0.0237191608 0.0656613191 0.0749464225 0.0658309649 0.0237914754 0.0012116457 0.0237493320 0.0414788596 0.0237670946 0.0011929265
0.0000000132 0.0000000323 0.0001181249 0.0000000241 0.0000000000 0.0000000159 0.0343109268 0.1675240428 0.0466379102 0.0094692239 0.0249511989 0.1677125871 0.1779996897 0.1643992552 0.0199822771 0.0000000097 0.0105134220 0.1637790815 0.0125573606 0.0000000000 0.0000000000 0.0000000000 0.0000448040 0.0000000000 0.0000000000
0.0003366708 0.0088226379 0.0110092273 0.0085704182 0.0003050751 0.0107185505 0.0198457203 0.1370488492 0.0394113396 0.0081007061 0.0179294931 0.1386759608 0.1449331976 0.1384354389 0.0265495488 0.0113540629 0.0466892884 0.1382989248 0.0434822016 0.0095085721 0.0007091254 0.0095069347 0.0182305913 0.0110265449 0.0005009195
0.0002844509 0.0080533879 0.0099917230 0.0094076094 0.0000000000 0.0080023676 0.0153653160 0.1648084940 0.0219743701 0.0000000317 0.0090175102 0.1645473695 0.1739542041 0.1630010523 0.0000586279 0.0062245269 0.0372883970 0.1639241273 0.0224209121 0.0000000000 0.0003555959 0.0000000000 0.0122630506 0.0080003086 0.0010565670
0.0000000000 0.0071307029 0.0001569247 0.0000000454 0.0000000000 0.0003489864 0.0175652909 0.1880589868 0.0151039674 0.0000000311 0.0000802788 0.1865951487 0.1990299191 0.1862396471 0.0000222034 0.0000000078 0.0002558246 0.1875611487 0.0002239836 0.0003523996 0.0000000000 0.0000000000 0.0112745031 0.0000000000 0.0000000000
0.0013402254 0.0265442747 0.0463528853 0.0174837183 0.0004495890 0.0150804566 0.0733628872 0.0805399872 0.0494627083 0.0226704783 0.0464265931 0.0823344211 0.0841199630 0.0821021627 0.0463489003 0.0263538664 0.0613848682 0.0835192181 0.0488321140 0.0265020797 0.0006631760 0.0132070976 0.0463376745 0.0176871297 0.0008935253
0.0000000000 0.0000000000 0.0136072333 0.0232103461 0.0004660340 0.0153836633 0.0256712806 0.1332204019 0.0427632499 0.0065987561 0.0204802322 0.1363904476 0.1483586186 0.1332771605 0.0090348184 0.0115171596 0.0884376318 0.1377061514 0.0256418387 0.0000000000 0.0007727052 0.0116404627 0.0000000000 0.0153548348 0.0004669734
0.0006954890 0.0043513822 0.0181161206 0.0062452591 0.0005923685 0.0127205317 0.0158855634 0.1224152759 0.0553023724 0.0105908313 0.0235989963 0.1234855204 0.1289941601 0.1211503243 0.0255821413 0.0000000000 0.0740087912 0.1209926635 0.0834109961 0.0091680967 0.0013970931 0.0048301173 0.0232616832 0.0132042129 0.0000000096
0.0000000000 0.0000000144 0.0000212861 0.0000000143 0.0000000000 0.0000000000 0.0000768281 0.1971136320 0.0042250114 0.0000000000 0.0000422118 0.1964602533 0.2099044267 0.1956695874 0.0000236720 0.0000000144 0.0000986841 0.1962656715 0.0000986927 0.0000000000 0.0000000000 0.0000000000 0.0000000000 0.0000000000 0.0000000000
0.0000000000 0.0000000282 0.0000693807 0.0004022024 0.0000000000 0.0000000187 0.0109986686 0.1911041961 0.0001986535 0.0000000161 0.0000000000 0.1927057551 0.2043342230 0.1911299425 0.0000205859 0.0000000000 0.0143204776 0.1909234724 0.0001322063 0.0000000000 0.0000000000 0.0000000056 0.0036601674 0.0000000000 0.0000000000
0.0000000000 0.0000000245 0.0000514489 0.0000000139 0.0000000051 0.0000000079 0.0218627169 0.1896374256 0.0051636708 0.0000000080 0.0036384119 0.1889437954 0.2021923799 0.1890925077 0.0000000000 0.0000000079 0.0105885301 0.1887417083 0.0000873242 0.0000000000 0.0000000000 0.0000000000 0.0000000000 0.0000000079 0.0000000050
0.0000000000 0.0000000000 0.0000000000 0.0041114703 0.0000000000 0.0000000000 0.0001060154 0.1932525333 0.0001117014 0.0000000000 0.0085771877 0.1912011398 0.2048306919 0.1908708375 0.0085985034 0.0000000000 0.0000815432 0.1915049452 0.0067534238 0.0000000000 0.0000000000 0.0000000000 0.0000000000 0.0000000038 0.0000000033
0.0002934532 0.0074058145 0.0114996757 0.0056760600 0.0004665050 0.0095434317 0.0365541598 0.1455209096 0.0476903015 0.0047935051 0.0096065008 0.1477467333 0.1526840210 0.1452248797 0.0100709707 0.0077668726 0.0482967113 0.1436930350 0.0428852386 0.0114524624 0.0000000090 0.0005617420 0.0101846220 0.0003823797 0.0000000057
0.0003030105 0.0062688401 0.0208601097 0.0003243319 0.0003975128 0.0052546936 0.0101360073 0.1386254393 0.0494804969 0.0047716325 0.0074485461 0.1435873643 0.1491083469 0.1371509671 0.0256917326 0.0118518512 0.0592232129 0.1394229022 0.0394664575 0.0095597466 0.0004788075 0.0086533626 0.0138928719 0.0172357579 0.0008059982
0.0000000000 0.0000000023 0.0925651420 0.0003687101 0.0000000000 0.0000000008 0.0021671833 0.0178363652 0.7960619791 0.0004206235 0.0000020890 0.0031365747 0.0068893631 0.0184316960 0.0579646919 0.0000000001 0.0002490262 0.0032107771 0.0006949868 0.0000000010 0.0000000000 0.0000000001 0.0000007878 0.0000000000 0.0000000000
0.0000000000 0.0000000200 0.0000930881 0.0000000267 0.0000000000 0.0000000248 0.0129128300 0.1933643384 0.0086916075 0.0000000189 0.0000651389 0.1927977505 0.2062724626 0.1925926260 0.0000000000 0.0000000000 0.0001412968 0.1929352669 0.0001335039 0.0000000000 0.0000000000 0.0000000000 0.0000000000 0.0000000000 0.0000000000
