0.0000000000 0.0000000044 0.0000261707 0.0000000041 0.0000000000 0.0000000061 0.0060630044 0.1612831123 0.0031222501 0.0000000022 0.0000000000 0.1573077344 0.3664977559 0.1515810113 0.0000000000 0.0000000012 0.0001206479 0.1538852723 0.0001130215 0.0000000012 0.0000000000 0.0000000000 0.0000000000 0.0000000000 0.0000000000
0.0000000001 0.0003740040 0.0256368704 0.3162643512 0.0004282594 0.0000715054 0.0067634940 0.0854166447 0.1856348569 0.2227522370 0.0000907240 0.0144169384 0.0391043678 0.0752156242 0.0112912322 0.0000000000 0.0009487334 0.0128963379 0.0026184426 0.0000541808 0.0000000000 0.0000000000 0.0000156229 0.0000055722 0.0000000000
0.0004369917 0.0111417903 0.0436188937 0.0032969070 0.0001718921 0.0181000819 0.2086649759 0.1315004783 0.0373713246 0.0025017765 0.0717669419 0.1364438485 0.1391997311 0.0463961803 0.0058858631 0.0075858099 0.0559586801 0.0497019244 0.0135778350 0.0013842053 0.0003535109 0.0036456789 0.0095926520 0.0017020265 0.0000000000
0.0000000000 0.0000000032 0.0001506959 0.0004126311 0.0000000000 0.0000000017 0.0057795399 0.2115831945 0.0694221159 0.0002897758 0.0000053835 0.0626814391 0.2229438417 0.3399210438 0.0000849666 0.0000000000 0.0021359651 0.0771720023 0.0074141028 0.0000000087 0.0000000000 0.0000000002 0.0000032881 0.0000000000 0.0000000000
0.0000000000 0.0000000000 0.0000203527 0.0000027900 0.0000000000 0.0000000000 0.0000227402 0.1187705133 0.1571845354 0.0000000000 0.0000234838 0.1162329508 0.1903258693 0.1192631093 0.0000182652 0.0000000000 0.1667574696 0.1313659650 0.0000119554 0.0000000000 0.0000000000 0.0000000000 0.0000000000 0.0000000000 0.0000000000
0.0000000000 0.0000418433 0.0000174513 0.0000000001 0.0000000000 0.0001076003 0.0295093863 0.0594164327 0.0003903785 0.0000000001 0.0403172535 0.3651987224 0.1025342361 0.0184781191 0.0000002526 0.0001149191 0.2956457686 0.0871283571 0.0010877476 0.0000000000 0.0000000000 0.0000000000 0.0000115313 0.0000000000 0.0000000000
0.0000000000 0.0000000003 0.0000036702 0.0000000000 0.0000000000 0.0000000002 0.0034509768 0.0410797772 0.0012793207 0.0000000002 0.0061820031 0.1430083225 0.1665301321 0.0501670846 0.0000023303 0.0001092027 0.3612640374 0.2266936891 0.0000312569 0.0000000000 0.0000000000 0.0001362256 0.0000619701 0.0000000000 0.0000000000
0.0004895610 0.1252652022 0.1256987193 0.2102288623 0.2774772767 0.0226126973 0.0219356437 0.0380721798 0.0892018225 0.0262964912 0.0000000000 0.0125226643 0.0189791410 0.0311987575 0.0000209812 0.0000000000 0.0000000000 0.0000000000 0.0000000000 0.0000000000 0.0000000000 0.0000000000 0.0000000000 0.0000000000 0.0000000000
0.0025137437 0.0059419089 0.0094961238 0.0000000000 0.0000000000 0.0094173934 0.0200092983 0.1309684764 0.0000000000 0.0000000000 0.0764935579 0.1689515408 0.1455601689 0.0579735578 0.0000000000 0.1796889627 0.1171331997 0.0596185233 0.0092327638 0.0000786097 0.0000000000 0.0000000000 0.0065779051 0.0002669427 0.0000773230
0.0000000028 0.0004332153 0.0047487936 0.0003563442 0.0000000035 0.0002937375 0.0342816375 0.1681215258 0.0364395771 0.0003570416 0.0024705532 0.1566335238 0.2665962174 0.1460887649 0.0031925215 0.0002124242 0.0348532641 0.1160448549 0.0285896992 0.0002290908 0.0000000010 0.0000376933 0.0000195073 0.0000000055 0.0000000000
0.0000000000 0.0000000000 0.0002634043 0.0000306367 0.0000000000 0.0000000293 0.0001208865 0.0151704727 0.0343895231 0.0020119886 0.0000593939 0.0063884030 0.0296834525 0.0904792735 0.1131372508 0.0008823696 0.0090412074 0.0740252771 0.1578947865 0.2011050589 0.0000000000 0.0088430107 0.0488007494 0.1870848878 0.0205879377
0.0000000040 0.0005007444 0.0047575915 0.0002522252 0.0000000037 0.0004171400 0.0550132494 0.1332908947 0.0418312850 0.0004202132 0.0055402654 0.1618137284 0.2854480939 0.1428342907 0.0026925150 0.0002071374 0.0252343405 0.1104758958 0.0290541165 0.0000793298 0.0000000009 0.0001035673 0.0000333605 0.0000000070 0.0000000000
0.0000018033 0.0008919853 0.0000000000 0.0000000000 0.0000000000 0.0032337278 0.0510577586 0.0000000000 0.0000000000 0.0000000000 0.1034924079 0.0257791697 0.0163838775 0.0009976627 0.0000000000 0.1009221578 0.0385933367 0.0027211578 0.0006143052 0.0000375700 0.5290738622 0.1261082983 0.0000000000 0.0000909191 0.0000000000
0.0000000000 0.0000000000 0.2890683034 0.0000000000 0.0000000000 0.0000000000 0.1772078910 0.2024102351 0.1736945972 0.0000000000 0.0000057131 0.0430130584 0.0630288135 0.0424111804 0.0000031149 0.0000000000 0.0000015259 0.0091534047 0.0000021624 0.0000000000 0.0000000000 0.0000000000 0.0000000000 0.0000000000 0.0000000000
0.0000000000 0.1424022461 0.1493198907 0.2151218765 0.3084257178 0.0330697159 0.0286829169 0.0393687094 0.0283454708 0.0217652722 0.0000000000 0.0175471962 0.0132869394 0.0026640480 0.0000000000 0.0000000000 0.0000000000 0.0000000000 0.0000000000 0.0000000000 0.0000000000 0.0000000000 0.0000000000 0.0000000000 0.0000000000
0.0000000000 0.0000000000 0.0398019720 0.0690565671 0.2592346649 0.0000000000 0.0000000000 0.0499169690 0.0483446034 0.3580107815 0.0000000000 0.0000000000 0.0934491280 0.0821853140 0.0000000000 0.0000000000 0.0000000000 0.0000000000 0.0000000000 0.0000000000 0.0000000000 0.0000000000 0.0000000000 0.0000000000 0.0000000000
0.0000560883 0.0008601594 0.0157466675 0.0060591564 0.0000000005 0.0129788033 0.0318036877 0.1093221948 0.0544659872 0.0117297975 0.0000000000 0.1119466303 0.1546775384 0.1066714248 0.0353491447 0.0086148168 0.0415684208 0.1047007413 0.0809892023 0.0000000000 0.0001135986 0.0119786105 0.0603719893 0.0386507914 0.0013445481
0.0000000000 0.0000000000 0.0067213899 0.0000000001 0.0000000000 0.0176879667 0.1744911026 0.1219189369 0.0038768101 0.0000000001 0.0118776584 0.2491495698 0.1770791191 0.0884934925 0.0000086305 0.0000000015 0.0059774535 0.1379280832 0.0047873116 0.0000000000 0.0000000000 0.0000000001 0.0000005844 0.0000018888 0.0000000000
0.0000000024 0.0005097821 0.0037585206 0.0004950511 0.0000000027 0.0003250261 0.0414842462 0.1730816937 0.0364991365 0.0004099489 0.0029485187 0.1481122764 0.3182910666 0.1191810606 0.0011133632 0.0001350279 0.0138240247 0.1248224351 0.0149309390 0.0000472921 0.0000000003 0.0000000084 0.0000305702 0.0000000067 0.0000000000
0.0000000000 0.0000000000 0.0000000000 0.0000000002 0.0000000000 0.0000000002 0.0027233979 0.0507780659 0.0034552810 0.0000000007 0.0000162800 0.0792686728 0.2390208937 0.1656012842 0.0000579417 0.0000000047 0.0378439113 0.3438886799 0.0770777550 0.0001964963 0.0000000000 0.0000000096 0.0000713248 0.0000000000 0.0000000000
0.0000000000 0.0000000015 0.0000134177 0.0000000026 0.0000000000 0.0000000010 0.0016872355 0.1621064599 0.0001149786 0.0000000019 0.0000000000 0.1526636824 0.3739688359 0.1545065086 0.0000000000 0.0000000000 0.0021428251 0.1527105507 0.0000854974 0.0000000010 0.0000000000 0.0000000000 0.0000000000 0.0000000000 0.0000000000
0.0000000000 0.0000000000 0.0000000000 0.0000000000 0.0000000000 0.0000000000 0.0000000000 0.0000000000 0.0000000000 0.0000000000 0.0000000000 0.0000000000 0.0808812901 0.0940965649 0.1791373142 0.0000000000 0.0000000000 0.0612306271 0.0227827746 0.1812630349 0.0000000000 0.0000000000 0.2096414222 0.1709669721 0.0000000000
0.0000004442 0.0000000000 0.0024037650 0.0000727741 0.0000000000 0.0036790572 0.0085705682 0.0042174332 0.0042995633 0.0000000000 0.0000000000 0.0286043252 0.0113576725 0.0069206555 0.0000000000 0.0844540450 0.0730029159 0.0592034372 0.0734822587 0.0000000000 0.0422680960 0.2019444847 0.1935831451 0.2019353589 0.0000000000
0.2550745148 0.2025843442 0.0572532383 0.0000000000 0.0000000000 0.1109731228 0.0581169542 0.0000000000 0.0000000000 0.0000000000 0.1061415910 0.0435859807 0.0182731417 0.0000000000 0.0000000000 0.1140728530 0.0000000000 0.0000000000 0.0000000000 0.0000000000 0.0339242593 0.0000000000 0.0000000000 0.0000000000 0.0000000000
0.0000000000 0.0000000099 0.0000424055 0.0000000093 0.0000000000 0.0000000099 0.0137791163 0.1721982835 0.0120442336 0.0000000072 0.0000279683 0.1594025959 0.3522207942 0.1450832323 0.0000025997 0.0000000000 0.0008195830 0.1435239805 0.0008531255 0.0000000005 0.0000000000 0.0000000000 0.0000020449 0.0000000000 0.0000000000
0.0013699331 0.0122594730 0.0280759475 0.4073012479 0.0184603406 0.0197317273 0.0569344445 0.0887578453 0.1557978098 0.1124204160 0.0028691434 0.0274364778 0.0206613794 0.0201307289 0.0184673717 0.0000000000 0.0007485580 0.0035855090 0.0040876171 0.0005161771 0.0000000000 0.0001919211 0.0001929963 0.0000000000 0.0000029352
0.0000000000 0.2046184537 0.0976753066 0.2299762409 0.0000000000 0.0000000000 0.0790668277 0.0569932862 0.1180209858 0.0000000000 0.0000000000 0.0582131365 0.0094595275 0.0598968028 0.0000000000 0.0000000000 0.0398930402 0.0238772833 0.0223091089 0.0000000000 0.0000000000 0.0000000000 0.0000000000 0.0000000000 0.0000000000
0.0000000000 0.0000000000 0.0000005534 0.0000000000 0.0000000000 0.0000000000 0.0059856433 0.0261134224 0.0000000000 0.0000000000 0.0157764940 0.0975339171 0.0751892545 0.0198352313 0.0000000000 0.2270826018 0.2372540232 0.0810907842 0.0003229695 0.0000000000 0.0044081265 0.2093844501 0.0000225288 0.0000000000 0.0000000000
0.0000000000 0.0000000000 0.0005475453 0.0006727452 0.0000324427 0.0000000000 0.0000000000 0.0070262078 0.0067566507 0.0021747957 0.0004942427 0.0075847469 0.0186817206 0.0378497533 0.0212927155 0.0007966229 0.0084581024 0.0571636354 0.1330505298 0.2087535851 0.0001004283 0.0059441771 0.0679378206 0.2818053007 0.1328762315
0.0000357313 0.0021273988 0.0111188444 0.2591901639 0.0034004231 0.0007533034 0.0037073227 0.0831253693 0.1845372205 0.2685688853 0.0007845600 0.0132068719 0.0440893527 0.0827114861 0.0120339719 0.0000000000 0.0012384085 0.0135037521 0.0086407409 0.0059375137 0.0000000000 0.0000000000 0.0006120199 0.0006019123 0.0000747472
0.0000000000 0.0002242562 0.0053632024 0.0114109792 0.0000000000 0.0005300372 0.0207550913 0.1153575121 0.0456843691 0.0000000000 0.0211645791 0.1784560491 0.1547599233 0.1465765402 0.0048811010 0.0000000000 0.1358469308 0.1028315523 0.0243677020 0.0002389867 0.0000000214 0.0218775871 0.0096735794 0.0000000002 0.0000000000
0.0000000000 0.0000000000 0.0000000000 0.0000000000 0.0000000000 0.0000000000 0.0030954195 0.0458879134 0.0009281048 0.0000000000 0.0000000000 0.1842837662 0.2007371182 0.0503947621 0.0000021408 0.0000000000 0.3367845074 0.1757670969 0.0021191703 0.0000000005 0.0000000000 0.0000000000 0.0000000000 0.0000000000 0.0000000000
0.0000000000 0.0000000019 0.0000103992 0.0000000006 0.0000000000 0.0000000033 0.0089662083 0.0481046391 0.0021124000 0.0000000005 0.0137208489 0.1950917592 0.1760923329 0.0469643185 0.0000061906 0.0000306191 0.3242834010 0.1810114095 0.0034912450 0.0000000005 0.0000000000 0.0000145958 0.0000996262 0.0000000000 0.0000000000
0.0000000000 0.0006639123 0.0082384330 0.0380829023 0.0114443589 0.0000000000 0.0050756748 0.0322388803 0.0993901331 0.1232954145 0.0000000000 0.0142645791 0.0478261793 0.1646738308 0.1293323059 0.0000000000 0.0052383482 0.0347797719 0.1009416049 0.1280699937 0.0000017025 0.0005037847 0.0082822528 0.0367098108 0.0109461263
0.0000000000 0.0000000000 0.0056285340 0.0344361073 0.0000403046 0.0000000000 0.0027358995 0.0949962639 0.5159056430 0.0140924729 0.0000000000 0.0000000000 0.1315760164 0.1692998724 0.0122475799 0.0000000000 0.0000000000 0.0190352660 0.0000060401 0.0000000000 0.0000000000 0.0000000000 0.0000000000 0.0000000000 0.0000000000
0.0000000000 0.0000000000 0.0000028924 0.0000000000 0.0000000000 0.0000000000 0.1618726248 0.0363737025 0.0000011638 0.0000000000 0.2945841586 0.2338341914 0.0534822961 0.0063018478 0.0000000000 0.0000000000 0.1824457601 0.0311013626 0.0000000000 0.0000000000 0.0000000000 0.0000000000 0.0000000000 0.0000000000 0.0000000000
0.0000000000 0.0000000000 0.0000000000 0.0000000000 0.0000000000 0.0006374853 0.0024631711 0.0036453222 0.0000000000 0.0000000000 0.0108505911 0.0190009701 0.0130092565 0.0052108937 0.0000000000 0.0723195557 0.1099220254 0.0336612336 0.0065994943 0.0011280034 0.4436721196 0.2409497817 0.0282804032 0.0078607041 0.0007889891
0.0000000000 0.0000608577 0.0000000000 0.0000251329 0.0000000000 0.0000000037 0.0064154308 0.0650465694 0.0049396070 0.0000000020 0.0000449960 0.1387656315 0.3585789866 0.1624065900 0.0000207850 0.0000000198 0.0405519476 0.2069015900 0.0160983865 0.0000000000 0.0000000000 0.0000000121 0.0001434512 0.0000000000 0.0000000000
0.0000000000 0.0000000005 0.0000031899 0.0000000001 0.0000000000 0.0000000020 0.0014733950 0.0493563517 0.0006690108 0.0000000000 0.0064748031 0.2502949169 0.1454892403 0.0421736837 0.0000007275 0.0036334946 0.3594261347 0.1408753349 0.0000152375 0.0000000000 0.0000000000 0.0000836475 0.0000308293 0.0000000000 0.0000000000
0.0000100777 0.0055977856 0.0002460009 0.0000000000 0.0000000000 0.0193449841 0.1235538138 0.0128801888 0.0002341333 0.0000000000 0.5449369602 0.1490684062 0.0357546951 0.0022798803 0.0000000000 0.0011845339 0.0968261056 0.0080819750 0.0000000000 0.0000000000 0.0000000000 0.0000004332 0.0000000264 0.0000000000 0.0000000000
0.0041819152 0.0236079245 0.0025432058 0.0001662049 0.0000000000 0.0911526486 0.0755732421 0.0195894161 0.0000000000 0.0000000000 0.3366002070 0.0908958012 0.0223091421 0.0050773265 0.0003198721 0.0888684898 0.1292837128 0.0195864454 0.0023784186 0.0000000000 0.0508989326 0.0306775509 0.0061482826 0.0001412613 0.0000000000
0.0000000000 0.0000000000 0.0000000000 0.0000000000 0.0000000000 0.0000000000 0.0000021806 0.1057639683 0.0000857840 0.0000000000 0.0000000000 0.0450768031 0.1841142744 0.5617941136 0.0000000000 0.0000000000 0.0000013480 0.1030865162 0.0000750116 0.0000000000 0.0000000000 0.0000000000 0.0000000000 0.0000000000 0.0000000000
0.0000000000 0.0015628910 0.1607267215 0.0000000000 0.0000000000 0.0000000000 0.1990832904 0.1022805119 0.0556535428 0.0000000000 0.1857081372 0.1486080299 0.0392039736 0.0146115355 0.0000007885 0.0000098254 0.0732966891 0.0142047725 0.0000009856 0.0000000000 0.0000000000 0.0000002783 0.0050339901 0.0000140368 0.0000000000
0.0348890333 0.0590918382 0.0328055363 0.0028227767 0.0000000000 0.1262648989 0.1498600566 0.0399792087 0.0142395703 0.0010849053 0.1818837440 0.1054422974 0.0429658919 0.0117427094 0.0023290391 0.0225335291 0.1245525751 0.0302431447 0.0066685614 0.0002961716 0.0004131899 0.0098913221 0.0000000000 0.0000000000 0.0000000000
0.0065761725 0.0014183758 0.0020374406 0.0000008968 0.0000000000 0.0043323444 0.1056145183 0.0318704482 0.0095051458 0.0005792286 0.2935291733 0.1581135678 0.0530681126 0.0101532028 0.0013670073 0.0316742039 0.1946099785 0.0593436508 0.0000000000 0.0000093062 0.0022856202 0.0339116056 0.0000000000 0.0000000000 0.0000000000
0.0000000000 0.0000000000 0.0000000000 0.0043686190 0.0000000000 0.0000000000 0.0000000000 0.0030149592 0.0044901550 0.0209237375 0.0000000000 0.0028064873 0.0062823208 0.0080355303 0.0645709666 0.0000000000 0.0485133579 0.0255720939 0.0247102815 0.3007211543 0.0000000000 0.0000000000 0.1807008244 0.3052895122 0.0000000000
0.0026472438 0.1171786626 0.0259183021 0.0000124276 0.0000000000 0.1293532412 0.2702594541 0.1066599221 0.0146368639 0.0000035429 0.0391818667 0.1468990507 0.0927941255 0.0219309124 0.0004931356 0.0002988918 0.0098617624 0.0218598217 0.0000000000 0.0000000000 0.0000000002 0.0000094828 0.0000012901 0.0000000000 0.0000000000
0.0000998919 0.0050341544 0.0490264402 0.0188619844 0.0008402948 0.0013039812 0.0256625188 0.1630501299 0.3240831263 0.0074330197 0.0011487918 0.0378764273 0.1284453812 0.1560491821 0.0199037969 0.0001853403 0.0035953551 0.0361370710 0.0176663671 0.0015031371 0.0000000000 0.0002143299 0.0011674924 0.0006698538 0.0000419324
0.0000712743 0.0033734672 0.0065067440 0.0018663857 0.0000982298 0.0065638861 0.0185465162 0.1167377715 0.0283975619 0.0030496830 0.0152126087 0.1518050697 0.2209642550 0.1334668710 0.0130630506 0.0092930893 0.0439279208 0.1536474881 0.0396229944 0.0071822317 0.0001361262 0.0075217762 0.0111725708 0.0075921977 0.0001802301
0.0000000000 0.0000000001 0.0000000003 0.0000000000 0.0000000000 0.0000000739 0.0000106359 0.0062571348 0.0000000000 0.0000000000 0.0000000000 0.0253908443 0.0728516502 0.0000000000 0.0000000000 0.0081500723 0.1507010841 0.0585553507 0.0774478662 0.0036120143 0.0936105402 0.2031437036 0.2380951892 0.0495965831 0.0125772568
