0.1637152118 0.1463863953 0.1489273555 0.1222665843 0.1085590715 0.0805729649 0.1326358827 0.0969365340 0.0000000000
0.1046866953 0.1155427443 0.1041430086 0.1097174037 0.1259992606 0.1190482837 0.1054485305 0.1202027412 0.0952113322
0.2036991673 0.1575401933 0.1895063137 0.1511678604 0.1302020114 0.1678844540 0.0000000000 0.0000000000 0.0000000000
0.2292634373 0.1721394238 0.2101409558 0.0000000000 0.1682547763 0.2202014068 0.0000000000 0.0000000000 0.0000000000
0.0000000000 0.0000000000 0.2361763661 0.0000000000 0.1425542033 0.1786486702 0.0000000000 0.2597624447 0.1828583158
0.1371609611 0.1364333845 0.1626226251 0.0878001232 0.1055314747 0.1421055705 0.0000000000 0.0913932346 0.1369526263
0.1007573889 0.1118382582 0.0998918765 0.1153624292 0.1300997583 0.1233441128 0.1006852042 0.1195416708 0.0984793012
0.1735428771 0.1824331550 0.2370341736 0.2274886575 0.1795011369 0.0000000000 0.0000000000 0.0000000000 0.0000000000
0.0000000000 0.1165736538 0.1135077195 0.1304421276 0.1443634875 0.1351971864 0.1096733098 0.1356294842 0.1146130311
0.0000000000 0.1067293635 0.0000000000 0.1534464430 0.1334316895 0.0979888970 0.1873255829 0.1590234706 0.1620545535
0.0000000000 0.2021751472 0.2971586068 0.0000000000 0.1932037357 0.3074625103 0.0000000000 0.0000000000 0.0000000000
0.1171510200 0.0000000000 0.0000000000 0.1400838335 0.1097022189 0.1520458825 0.1588661488 0.1359964066 0.1861544897
0.1957693876 0.1334031858 0.0000000000 0.1495903240 0.1101123086 0.0000000000 0.1648480526 0.1392408416 0.1070358998
0.1029334449 0.1145179872 0.1010147037 0.1195210158 0.1266950408 0.1153355548 0.0976031757 0.1184491463 0.1039299310
0.0000000000 0.1296519091 0.1131218710 0.1291065422 0.1425632452 0.1289281985 0.1135362711 0.1292154087 0.1138765541
0.2037546528 0.1585429396 0.1542425454 0.1349606932 0.1095092719 0.1304882975 0.0000000000 0.0000000000 0.1085015997
0.1000478192 0.1169011697 0.1063202514 0.1167239413 0.1301546556 0.1212241140 0.0861063717 0.1153286393 0.1071930378
0.0991266913 0.1160139998 0.0942945000 0.1181493965 0.1348817225 0.1157091780 0.1016383502 0.1161922534 0.1039939084
0.1146862637 0.1161708892 0.1073999905 0.1087450227 0.1261062687 0.1171386138 0.0938143059 0.1167450795 0.0991935660
0.0984890504 0.1310726679 0.0935449616 0.1134830811 0.1306388662 0.1118059882 0.0948958113 0.1311903031 0.0948792702
0.1013381640 0.1158394663 0.1114967952 0.1152011654 0.1333575558 0.1075745433 0.1016449692 0.1138341087 0.0997132322
0.1295773673 0.0888486601 0.0000000000 0.1310571635 0.1043668204 0.0923496436 0.1671574296 0.1429868826 0.1436560329
0.0987950936 0.1153612785 0.1044820458 0.1208533854 0.1310397972 0.1155179255 0.0989870629 0.1162412659 0.0987221452
0.1027161836 0.1171260647 0.1033386611 0.1094991860 0.1285701763 0.1165905513 0.1027049648 0.1168022165 0.1026519956
0.1278372077 0.1458759241 0.1679490934 0.0897870927 0.1108251494 0.1306971741 0.0000000000 0.0950871548 0.1319412038
0.1020937715 0.1162245415 0.1011371129 0.1194428289 0.1300077916 0.1149744935 0.0991660236 0.1142747287 0.1026787079
0.1023436356 0.1153983707 0.1008463249 0.1156738881 0.1243787779 0.1153250800 0.1026562390 0.1161020391 0.1072756447
0.1857703813 0.1424242331 0.1840192514 0.1306101910 0.1078741903 0.1396345627 0.0000000000 0.0000000000 0.1096671902
0.0951386077 0.1151574257 0.1034864567 0.1183103126 0.1247914006 0.1159057711 0.1030303354 0.1214416540 0.1027380363
0.1592712801 0.1383763920 0.1294687112 0.1247742351 0.1185371580 0.0952851797 0.1457680786 0.0885189653 0.0000000000
0.1369264329 0.0922629297 0.0000000000 0.1341023858 0.1088946066 0.0899529866 0.1708373597 0.1433129430 0.1237103557
0.0000000000 0.1265510842 0.1957800101 0.0000000000 0.1143216624 0.1695266051 0.0743858195 0.1444718167 0.1749630021
0.1581381296 0.1385708899 0.1408460531 0.1423393429 0.1046440397 0.0875952588 0.1399020500 0.0879642360 0.0000000000
0.0000000000 0.1977834494 0.0000000000 0.1931214244 0.1708040411 0.0000000000 0.2319239159 0.2063671692 0.0000000000
0.1023208989 0.1158177415 0.1017824975 0.1161661514 0.1273776242 0.1158808285 0.1025872328 0.1159357767 0.1021312487
0.0000000000 0.1434039628 0.2048934243 0.1100551093 0.1100006126 0.1788194753 0.0000000000 0.1004952135 0.1523322022
0.1078335869 0.1198994367 0.0980400774 0.1103521141 0.1237444720 0.1237029203 0.1003765865 0.1087089170 0.1073418891
0.0968292560 0.1153958504 0.1063558023 0.1110972631 0.1301332539 0.1228686617 0.0979018299 0.1174686968 0.1019493860
0.2897214937 0.2398977843 0.0000000000 0.2361695655 0.2342111564 0.0000000000 0.0000000000 0.0000000000 0.0000000000
0.0964967612 0.1212151791 0.1008438239 0.1051073339 0.1254449795 0.1264145312 0.0941210900 0.1185638106 0.1117924906
0.1044377260 0.1086662561 0.0972984632 0.1224339092 0.1285948539 0.1208052438 0.1017559252 0.1214572142 0.0945504083
0.0993973884 0.1166690559 0.1007311158 0.1167732557 0.1300876761 0.1174540278 0.1006768657 0.1169399754 0.1012706393
0.1008610416 0.1162030834 0.1009932074 0.1233428292 0.1243264927 0.1158478946 0.0951723591 0.1211979531 0.1020551389
0.0000000000 0.1277310326 0.1000449162 0.1287461103 0.1474365063 0.1320876382 0.1096498458 0.1395394356 0.1147645150
0.1041148938 0.1136230237 0.1044367646 0.1131700504 0.1326603251 0.1190957498 0.1010873244 0.1136882421 0.0981236260
0.1051942917 0.1181704975 0.0921502465 0.1172622477 0.1315300864 0.1067145083 0.1030492993 0.1261469255 0.0997818971
0.0978630361 0.1143292980 0.1025652395 0.1149763850 0.1358727150 0.1144547167 0.1060649003 0.1149914845 0.0988822249
0.1011222690 0.1163638478 0.1019405291 0.1159661870 0.1281273796 0.1167656592 0.1023744533 0.1158463804 0.1014932947
0.0917151017 0.1172553718 0.0983914378 0.1208030348 0.1219671483 0.1204394585 0.1079758556 0.1191683680 0.1022842234
0.0979567050 0.1162828480 0.0995367619 0.1255190938 0.1324777246 0.1125762977 0.1094940886 0.1078066847 0.0983497957
