0.1083005009 0.1152069171 0.1033534536 0.1132701231 0.1216665359 0.1126148511 0.1087465394 0.1126816877 0.1041593912
0.1052009719 0.1112565554 0.1064647198 0.1118326048 0.1217642884 0.1162731989 0.1026260095 0.1145566423 0.1100250090
0.1091789310 0.1100551816 0.1098941033 0.1136960900 0.1182620375 0.1143406780 0.1048012173 0.1145331766 0.1052385848
0.1351497832 0.1270680769 0.2070754064 0.1185193654 0.1157625687 0.1437838674 0.1526409321 0.0000000000 0.0000000000
0.1061837675 0.1135605165 0.1054433609 0.1137312925 0.1194063755 0.1143558012 0.1066275290 0.1141995419 0.1064918149
0.1044428391 0.1146763367 0.1048453907 0.1095444967 0.1182446169 0.1162698861 0.1117201061 0.1135541520 0.1067021757
0.2120923441 0.1538700728 0.0000000000 0.1248129243 0.1139692634 0.0000000000 0.1387831099 0.1190488662 0.1374234193
0.1070356061 0.1134933186 0.1064583966 0.1138493506 0.1189603886 0.1133448325 0.1066517098 0.1136071053 0.1065992920
0.1069001367 0.1136640435 0.1067704041 0.1140551816 0.1175997932 0.1138461276 0.1067916441 0.1137250454 0.1066476238
0.1072200748 0.1150348060 0.1045960169 0.1107684017 0.1186590159 0.1148066707 0.1073720611 0.1134886764 0.1080542765
0.1630048030 0.1303856627 0.1445206898 0.0923714005 0.1014010829 0.1276629296 0.0000000000 0.0935319477 0.1471214837
0.1062319613 0.1124295718 0.1072055686 0.1153312545 0.1252368979 0.1121010508 0.1057939065 0.1119125552 0.1037572335
0.1069812895 0.1115543240 0.1065324646 0.1140454667 0.1195540440 0.1142365146 0.1071497952 0.1132186407 0.1067274607
0.1046384451 0.1135684208 0.1060552009 0.1148884979 0.1232325235 0.1153457778 0.1053581068 0.1118567941 0.1050562330
0.1586984806 0.1330278688 0.1972050203 0.1197485653 0.0993441127 0.1273157689 0.0817416959 0.0000000000 0.0829184874
0.1065450968 0.1135412438 0.1066729949 0.1133855602 0.1199696440 0.1137068773 0.1063568818 0.1134466078 0.1063750934
0.1067374937 0.1116405165 0.1064842572 0.1124493712 0.1181862608 0.1152569139 0.1056567500 0.1155917634 0.1079966734
0.1057916639 0.1130366814 0.1126422421 0.1130909953 0.1172853585 0.1131261448 0.1080841733 0.1148255902 0.1021171506
0.2443036022 0.1248663564 0.1331244062 0.1514438681 0.0918417466 0.1246803452 0.0000000000 0.0000000000 0.1297396753
0.1833343054 0.1215802218 0.1790946275 0.1658319697 0.1495457571 0.2006131185 0.0000000000 0.0000000000 0.0000000000
0.1046145145 0.1126088928 0.1090498161 0.1154737068 0.1207059227 0.1123825429 0.1024513571 0.1149728335 0.1077404136
0.1077112335 0.1159777416 0.1075553560 0.1114455453 0.1194280215 0.1138731551 0.1080555272 0.1139095159 0.1020439040
0.1086989500 0.1129515901 0.1073284041 0.1132807912 0.1220646019 0.1127030552 0.1047543349 0.1135186005 0.1046996723
0.0000000000 0.1299623486 0.1180484244 0.1220718666 0.1304658892 0.1268047443 0.1253446972 0.1314585503 0.1158434794
0.1048637384 0.1146076608 0.1047672732 0.1139245655 0.1213731270 0.1142261719 0.1051869532 0.1160486409 0.1050018690
0.1060143281 0.1137964009 0.1071076865 0.1140511945 0.1191345866 0.1134337988 0.1066922626 0.1134713079 0.1062984341
0.1627530475 0.1245529291 0.1459548784 0.1324538250 0.0937581037 0.0890746623 0.1605841638 0.0908683902 0.0000000000
0.1073725258 0.1144139332 0.1030397456 0.1139462326 0.1198939781 0.1131670286 0.1070492781 0.1141250208 0.1069922571
0.1032824164 0.1123168652 0.1033016110 0.1117715574 0.1180681387 0.1139768958 0.1057440713 0.1225766291 0.1089618152
0.1055523504 0.1135443082 0.1112855749 0.1135829280 0.1182715370 0.1139898501 0.1048908205 0.1134404253 0.1054422056
0.1042772020 0.1137257299 0.1066802709 0.1136165432 0.1218735111 0.1163914456 0.1046788591 0.1138723520 0.1048840860
0.1061102854 0.1137909034 0.1069350532 0.1138440388 0.1189916861 0.1137642327 0.1066882994 0.1131838643 0.1066916367
0.1012966258 0.1148923124 0.1038465343 0.1134003823 0.1182893158 0.1206235908 0.1053749926 0.1149988513 0.1072773948
0.1029446502 0.1152776874 0.1068188583 0.1153483064 0.1221012978 0.1110673321 0.1028211225 0.1148855385 0.1087352068
0.0000000000 0.1270741779 0.1190802244 0.1275054611 0.1330980348 0.1271640346 0.1192322616 0.1271915233 0.1196542823
0.1075930066 0.1130489587 0.1072194950 0.1150029688 0.1204441046 0.1132348845 0.1044470067 0.1137812582 0.1052283170
0.1032400593 0.1147305122 0.1078516637 0.1116114279 0.1231838836 0.1118559282 0.1039677852 0.1124217752 0.1111369648
0.1064856392 0.1139356050 0.1064345661 0.1131812288 0.1193236515 0.1138450097 0.1063181823 0.1137178557 0.1067582617
0.1089881622 0.1146820530 0.1032319504 0.1128819907 0.1197503205 0.1140372556 0.1060713818 0.1131814055 0.1071754803
0.1058376687 0.1142087563 0.1084814334 0.1142124745 0.1159332265 0.1157951950 0.1060713771 0.1192558227 0.1002040457
0.1065896708 0.1125131275 0.1064462588 0.1137069835 0.1194074376 0.1139529512 0.1068002809 0.1139226704 0.1066606193
0.1041658921 0.1141294293 0.1069264277 0.1130168278 0.1250668488 0.1132033976 0.1066316345 0.1119827509 0.1048767912
0.1036687612 0.1148020261 0.1029890134 0.1146214594 0.1207029666 0.1150087840 0.1077699665 0.1148687440 0.1055682790
0.1022230662 0.1110062682 0.1023250039 0.1163983576 0.1224499099 0.1144944338 0.1109994702 0.1135859071 0.1065175831
0.1002266599 0.1149436480 0.1092239947 0.1119146018 0.1190485994 0.1164649584 0.1058294754 0.1152841845 0.1070638779
0.1080903014 0.1133981268 0.1027568478 0.1137453810 0.1225871633 0.1123883842 0.1090095447 0.1150320725 0.1029921783
0.1042579954 0.1106905751 0.1057340418 0.1150269757 0.1205887057 0.1135885741 0.1066247379 0.1170302622 0.1064581322
0.0775475733 0.0000000000 0.0839788508 0.1363447290 0.0919238318 0.1182065639 0.1852977635 0.1369181512 0.1697825364
0.1049500297 0.1112268592 0.1110849642 0.1149894513 0.1196095885 0.1133810565 0.1018021424 0.1131653286 0.1097905797
0.1040078233 0.1124376209 0.1061842256 0.1148697280 0.1200269200 0.1126299121 0.1078918147 0.1177813048 0.1041706505
