0.1966873322 0.1493801471 0.0000000000 0.1756942985 0.1373808161 0.0000000000 0.1980738807 0.1427835253 0.0000000000
0.0000000000 0.1440638349 0.1948647831 0.0000000000 0.1373071566 0.1776586068 0.0000000000 0.1389295071 0.2071761115
0.0873164838 0.0000000000 0.0000000000 0.1504400186 0.1228363448 0.1243919040 0.1874701246 0.1384805137 0.1890646105
0.0953999711 0.1190627009 0.0959050572 0.1189266107 0.1406011054 0.1198660080 0.0952099877 0.1184100669 0.0966184922
0.0000000000 0.0000000000 0.1398049792 0.0000000000 0.1170840335 0.1903937385 0.0000000000 0.2367741649 0.3159430839
0.0000000000 0.0974519384 0.0000000000 0.1682025066 0.1329266457 0.0974079718 0.1946471467 0.1679559415 0.1414078493
0.0859522031 0.1215902523 0.0961074380 0.1198446313 0.1455223215 0.1119905944 0.0988556310 0.1228456953 0.0972912330
0.0846454003 0.1492617788 0.1812261930 0.0000000000 0.1191197874 0.1750856026 0.0000000000 0.1134176286 0.1772436092
0.1191272297 0.1445102714 0.1622495563 0.0893598445 0.1256893229 0.1590899094 0.0000000000 0.0842255474 0.1157483184
0.0000000000 0.1057993105 0.1644075616 0.0000000000 0.1235650930 0.2065276940 0.0813299915 0.1107467696 0.2076235798
0.0920731508 0.0813690169 0.0000000000 0.1680697137 0.1136753607 0.0956515055 0.1759179491 0.1564432357 0.1168000676
0.0882259816 0.1285901385 0.0961439174 0.1237467562 0.1473142213 0.1257951090 0.0877331209 0.1146088303 0.0878419248
0.2003915294 0.1484224101 0.0000000000 0.1641697300 0.1332057010 0.0000000000 0.1953141603 0.1584964692 0.0000000000
0.0904574046 0.1099416317 0.0843383566 0.1203898604 0.1374156838 0.1257307087 0.0872626906 0.1471759144 0.0972877493
0.1885340031 0.1826367913 0.1789335483 0.0000000000 0.1128293968 0.1726694500 0.0000000000 0.0000000000 0.1643968104
0.0980320089 0.1206112224 0.0959966464 0.1203641478 0.1428768013 0.1201550574 0.0968262200 0.1150962180 0.0900416778
0.0971533123 0.1297919588 0.1134814692 0.1101932455 0.1284135045 0.1227800178 0.0804256127 0.1221336152 0.0956272640
0.0994588446 0.1225586557 0.0979326549 0.1100964440 0.1447368851 0.1221967687 0.0981813330 0.1064087388 0.0984296753
0.0923264585 0.1210723395 0.0903250122 0.1208541856 0.1485055837 0.1201301002 0.0931037673 0.1201517609 0.0935307920
0.0912811461 0.1177738316 0.0977042970 0.1107334747 0.1474394550 0.1083948088 0.0848984201 0.1233040133 0.1184705532
0.1016045383 0.1352648485 0.1000069067 0.1241023162 0.1375747762 0.1117098198 0.0875642928 0.1144584564 0.0877140451
0.1720130420 0.1952228932 0.1672293460 0.0000000000 0.1185994185 0.1929518750 0.0000000000 0.0000000000 0.1539834254
0.1683713520 0.1531311226 0.1245333568 0.1294351194 0.1297104973 0.0850452378 0.1292506092 0.0805227051 0.0000000000
0.0913762848 0.1239328713 0.0953545084 0.1189822504 0.1460212742 0.1238344403 0.0908709813 0.1188655092 0.0907618800
0.1030863469 0.1260504066 0.1016000792 0.1154640242 0.1442826197 0.1192414514 0.0876722813 0.1078731035 0.0947296874
0.0889342687 0.1191208069 0.1007729932 0.1221644363 0.1510430211 0.1226921235 0.0926795735 0.1050751937 0.0975175831
0.1004841776 0.1143634928 0.0832802707 0.1095588739 0.1541050269 0.1076762857 0.1175108555 0.1213606228 0.0916603941
0.0964912558 0.1205567140 0.0978275437 0.1199785535 0.1417767009 0.1197823884 0.0971156181 0.1090605826 0.0974106430
0.0871666222 0.1150869092 0.0997915435 0.1179852676 0.1525878150 0.1212487009 0.0979778492 0.1160826651 0.0920726274
0.0924032117 0.1185402437 0.0936773808 0.1201189055 0.1464945516 0.1219839712 0.0932967232 0.1197545671 0.0937304452
0.0000000000 0.1268512253 0.1025671370 0.1397804933 0.1659072576 0.1312899319 0.1016041848 0.1209000383 0.1110997318
0.1926065481 0.1951777981 0.2024424684 0.1374518337 0.1248901626 0.1474311891 0.0000000000 0.0000000000 0.0000000000
0.1153884609 0.1491355863 0.1725665244 0.0839669552 0.1198438683 0.1504466565 0.0000000000 0.0863254994 0.1223264490
0.1745652115 0.1850842326 0.1830709335 0.0000000000 0.1047855661 0.1776053897 0.0000000000 0.0000000000 0.1748886666
0.3063970549 0.2524203186 0.0000000000 0.2313793832 0.2098032433 0.0000000000 0.0000000000 0.0000000000 0.0000000000
0.0619885474 0.0000000000 0.0656900157 0.1214282836 0.1394045004 0.1277552519 0.1419591576 0.1768778590 0.1648963844
0.0000000000 0.1380527277 0.1107256072 0.1301807599 0.1573977565 0.1234126386 0.1030919249 0.1251007393 0.1120378458
0.0000000000 0.3317325619 0.0000000000 0.0000000000 0.2332337466 0.3023406668 0.0000000000 0.1326930248 0.0000000000
0.1008737865 0.1167015888 0.0906906232 0.1089062947 0.1466943111 0.1159632260 0.1001284174 0.1200988811 0.0999428711
0.1999446814 0.1506016365 0.0000000000 0.1724309342 0.1293829966 0.0000000000 0.2050958327 0.1425439185 0.0000000000
0.0967294359 0.1202692640 0.0968334553 0.1068700302 0.1445575991 0.1201969615 0.0977849185 0.1207865086 0.0959718269
0.0000000000 0.1430207017 0.1125912457 0.1302508355 0.1523629361 0.1218056078 0.1105951185 0.1213812060 0.1079923487
0.1194248045 0.0877802653 0.0000000000 0.1492378149 0.1210618276 0.0809574996 0.1709215980 0.1578671613 0.1127490289
0.2075118453 0.2023305951 0.0000000000 0.1774587295 0.1927253985 0.0000000000 0.2199734316 0.0000000000 0.0000000000
0.0980790514 0.1336039446 0.0905479885 0.1240696755 0.1516364277 0.0993357489 0.0934545715 0.1161026321 0.0931699598
0.0000000000 0.0000000000 0.0000000000 0.2535008724 0.1811060208 0.0000000000 0.2756104693 0.2897826375 0.0000000000
0.0000000000 0.0000000000 0.0595777558 0.1309359179 0.1175786833 0.1344010372 0.1806027674 0.1856382886 0.1912655498
0.0939506951 0.1194563909 0.0933281350 0.1204046539 0.1487453466 0.1187560163 0.0919376979 0.1206932556 0.0927278086
0.0000000000 0.1449528997 0.1546334265 0.0000000000 0.0947364204 0.1869467600 0.0697853673 0.1209271190 0.2280180069
0.2292567669 0.2775887397 0.3029879803 0.0000000000 0.1901665131 0.0000000000 0.0000000000 0.0000000000 0.0000000000
