0.1106236799 0.1112405345 0.1107734831 0.1116234118 0.1119197573 0.1114221147 0.1102929169 0.1114836253 0.1106204764
0.1105395489 0.1118417521 0.1106424276 0.1115405502 0.1115457578 0.1118272678 0.1103517451 0.1113536763 0.1103572743
0.1108239138 0.1114273046 0.1106572338 0.1116661385 0.1117404039 0.1114508266 0.1106531834 0.1112878906 0.1102931047
0.1106859954 0.1113487959 0.1107438634 0.1113121177 0.1118231790 0.1114674672 0.1106036811 0.1112452147 0.1107696856
0.1104294606 0.1115469754 0.1106242247 0.1118549607 0.1116123321 0.1114925718 0.1105470700 0.1113209062 0.1105714985
0.1106295162 0.1114631353 0.1105453031 0.1108588104 0.1118546279 0.1116591811 0.1107561441 0.1116767273 0.1105565547
0.1106530769 0.1112509330 0.1105083784 0.1110988366 0.1118043582 0.1113120521 0.1106342336 0.1113190650 0.1114190663
0.1106377358 0.1116419276 0.1106618952 0.1114395319 0.1118011228 0.1112881692 0.1104618931 0.1115434775 0.1105242470
0.1107234032 0.1114622175 0.1102256567 0.1115055969 0.1117897727 0.1115113592 0.1106664822 0.1115444766 0.1105710349
0.1103618257 0.1121716251 0.1106995595 0.1112532897 0.1119171666 0.1114291887 0.1100787382 0.1115559354 0.1105326711
0.1106434296 0.1110520264 0.1104147948 0.1116651442 0.1120565750 0.1113995225 0.1107924558 0.1114374008 0.1105386509
0.1103754876 0.1113970414 0.1106996917 0.1116032973 0.1116621957 0.1113201828 0.1106845401 0.1115897045 0.1106678590
0.1105388374 0.1114932255 0.1103911321 0.1118820981 0.1118389153 0.1115197363 0.1105664519 0.1114875446 0.1102820589
0.1104649255 0.1111364682 0.1107612872 0.1113881511 0.1118348137 0.1119098530 0.1106162175 0.1113158154 0.1105724684
0.1107788380 0.1113759120 0.1105510749 0.1114885897 0.1117537153 0.1114248422 0.1106630185 0.1114412172 0.1105227922
0.1111060063 0.1115785786 0.1101365353 0.1116427809 0.1118944369 0.1111943715 0.1104267206 0.1112856409 0.1107349290
0.1104653065 0.1117184770 0.1102048781 0.1115731307 0.1116916876 0.1115225771 0.1107857838 0.1113523005 0.1106858586
0.1099302348 0.1117353189 0.1108979470 0.1111340050 0.1120282017 0.1113469452 0.1106052027 0.1114740712 0.1108480735
0.1105839055 0.1110827896 0.1106143490 0.1114902581 0.1117731058 0.1117045283 0.1109356447 0.1115103452 0.1103050738
0.1108081716 0.1112454881 0.1108134984 0.1117372130 0.1116703257 0.1111428415 0.1104200864 0.1115525596 0.1106098158
0.1108368417 0.1113534124 0.1101990146 0.1111937680 0.1115931832 0.1115638260 0.1109479253 0.1115745592 0.1107374696
0.1106837139 0.1114089309 0.1106338704 0.1114318182 0.1117604230 0.1113784553 0.1105427482 0.1115430929 0.1106169472
0.1101463186 0.1112733494 0.1106361415 0.1118528718 0.1118970142 0.1116644410 0.1105094838 0.1117832937 0.1102370860
0.1105293573 0.1114713249 0.1102090002 0.1115604064 0.1119683893 0.1113803439 0.1105365189 0.1116362207 0.1107084383
0.1108398646 0.1113140563 0.1104735477 0.1117050128 0.1113691276 0.1117427845 0.1099467347 0.1115225919 0.1110862798
0.1104843996 0.1118233722 0.1104816407 0.1113300074 0.1119090838 0.1113582120 0.1106912000 0.1113785993 0.1105434849
0.1105419641 0.1114439716 0.1104814962 0.1119492932 0.1117216911 0.1114608544 0.1104622434 0.1108539317 0.1110845543
0.1104265276 0.1114447782 0.1106039014 0.1116660492 0.1118180797 0.1113541927 0.1108053469 0.1119249092 0.1099562149
0.1106380885 0.1116662306 0.1106856051 0.1114283606 0.1118716643 0.1114084688 0.1105247031 0.1113033263 0.1104735527
0.1108305585 0.1117103216 0.1104403418 0.1114379411 0.1119029125 0.1117971630 0.1105200440 0.1115878015 0.1097729159
0.1105813324 0.1114104784 0.1107009442 0.1113916588 0.1117700262 0.1114461233 0.1107603171 0.1115429432 0.1103961764
0.1102943360 0.1114955932 0.1104043047 0.1119633287 0.1115892832 0.1113762350 0.1104371612 0.1120575188 0.1103822392
0.1105458240 0.1111062682 0.1104421739 0.1116192839 0.1115722861 0.1113834195 0.1110892224 0.1117685630 0.1104729591
0.1105214777 0.1114285504 0.1104127116 0.1114937864 0.1117227716 0.1115924900 0.1104040359 0.1113950390 0.1110291374
0.1101214071 0.1114707235 0.1103717430 0.1116917404 0.1117914044 0.1112929745 0.1108527488 0.1114655544 0.1109417039
0.1103196733 0.1118912745 0.1104401294 0.1117887958 0.1117640789 0.1116898059 0.1101676040 0.1116076140 0.1103310242
0.1105914990 0.1114485112 0.1106941956 0.1114696213 0.1116589047 0.1114779820 0.1105993931 0.1114445887 0.1106153043
0.1108867653 0.1115325548 0.1106734112 0.1112969107 0.1119394488 0.1111686428 0.1101482734 0.1113939674 0.1109600256
0.1108737429 0.1113121065 0.1106959144 0.1114046151 0.1116085158 0.1114368898 0.1105600654 0.1113099906 0.1107981594
0.1105004875 0.1114804586 0.1103527276 0.1115928543 0.1120393156 0.1112938427 0.1106092099 0.1115578455 0.1105732583
0.1106283851 0.1114576224 0.1103169829 0.1114078598 0.1118441192 0.1115528026 0.1105735497 0.1114926908 0.1107259875
0.1105728297 0.1115110395 0.1106194373 0.1114164219 0.1117605821 0.1114741001 0.1105632410 0.1114899928 0.1105923555
0.1103537496 0.1112383729 0.1111103477 0.1117981809 0.1115660027 0.1116994377 0.1103230602 0.1112447651 0.1106660832
0.1103493798 0.1116523994 0.1107374828 0.1114999455 0.1116005942 0.1113766441 0.1109821040 0.1112992952 0.1105021550
0.1110237943 0.1111843277 0.1106235597 0.1115823552 0.1115723089 0.1116691035 0.1104850781 0.1114174053 0.1104420671
0.1105317249 0.1117174004 0.1103362269 0.1113712866 0.1119638867 0.1114546980 0.1104272211 0.1115674930 0.1106300625
0.1102569028 0.1115422397 0.1111431177 0.1112166021 0.1119282467 0.1116939671 0.1104658017 0.1113132004 0.1104399217
0.1104602681 0.1115642919 0.1103565939 0.1113885553 0.1122646609 0.1114177265 0.1106840829 0.1117586456 0.1101051748
0.1107688198 0.1113891359 0.1107361792 0.1106082045 0.1120554044 0.1115972968 0.1105966281 0.1117641019 0.1104842293
0.1104759793 0.1116446488 0.1104503369 0.1117623204 0.1119026648 0.1118111670 0.1104819087 0.1112497795 0.1102211946
