0.0000000000 0.0000000000 0.0000000000 0.2345262417 0.1489671695 0.0000000000 0.2290495820 0.2565103715 0.1309466353
0.0000000000 0.0000000000 0.1364666857 0.1924018130 0.2306362779 0.3242152965 0.0000000000 0.0000000000 0.1162799269
0.0000000000 0.5859530533 0.0000000000 0.0000000000 0.4140469467 0.0000000000 0.0000000000 0.0000000000 0.0000000000
0.0000000000 0.5741538247 0.0000000000 0.0000000000 0.4258461753 0.0000000000 0.0000000000 0.0000000000 0.0000000000
0.0000000000 0.0000000000 0.0000000000 0.0000000000 0.1584912290 0.1860255159 0.1444736284 0.2803325004 0.2306771264
0.0000000000 0.0000000000 0.0000000000 0.1677900278 0.1847143865 0.0861539787 0.1646497725 0.2463509760 0.1503408585
0.1776883118 0.2506329217 0.1496380530 0.0944025301 0.1988017845 0.1288363989 0.0000000000 0.0000000000 0.0000000000
0.0000000000 0.0000000000 0.0000000000 0.4210960118 0.3189960290 0.0000000000 0.0000000000 0.2599079592 0.0000000000
0.2464075650 0.2975813946 0.1411213351 0.1672112034 0.1476785018 0.0000000000 0.0000000000 0.0000000000 0.0000000000
0.0000000000 0.0000000000 0.0000000000 0.0000000000 0.4990483439 0.5009516561 0.0000000000 0.0000000000 0.0000000000
0.0000000000 0.1529960545 0.1699808127 0.0000000000 0.1843345018 0.2523429283 0.0000000000 0.0886301219 0.1517155808
0.0000000000 0.0000000000 0.0000000000 0.0000000000 0.4937782803 0.0000000000 0.0000000000 0.5062217197 0.0000000000
0.0000000000 0.0000000000 0.0000000000 0.5977731459 0.4022268541 0.0000000000 0.0000000000 0.0000000000 0.0000000000
0.0000000000 0.0000000000 0.0000000000 0.4079466117 0.3796821433 0.0000000000 0.0000000000 0.2123712450 0.0000000000
0.0824187569 0.1960783227 0.0000000000 0.0000000000 0.1839586344 0.0000000000 0.1374926259 0.2743628151 0.1256888450
0.0000000000 0.0000000000 0.0000000000 0.0000000000 0.4732107937 0.0000000000 0.0000000000 0.5267892063 0.0000000000
0.0000000000 0.0000000000 0.0000000000 0.4942861994 0.2350666371 0.0000000000 0.2706471636 0.0000000000 0.0000000000
0.2651906074 0.0000000000 0.0000000000 0.3594971973 0.1519767234 0.0000000000 0.2233354720 0.0000000000 0.0000000000
0.0000000000 0.6134224956 0.0000000000 0.0000000000 0.3865775044 0.0000000000 0.0000000000 0.0000000000 0.0000000000
0.2326453770 0.3794149800 0.2198984061 0.0000000000 0.1680412369 0.0000000000 0.0000000000 0.0000000000 0.0000000000
0.1518150315 0.1889640047 0.0953305769 0.1587406717 0.1740366944 0.1594887488 0.0335973979 0.0000000000 0.0380268741
0.0000000000 0.0000000000 0.0000000000 0.2593705397 0.1475956509 0.0000000000 0.2518594250 0.2428890516 0.0982853328
0.0000000000 0.1096967398 0.0000000000 0.2560520578 0.1999151373 0.0000000000 0.1818616967 0.1981256107 0.0543487578
0.0000000000 0.0000000000 0.0000000000 0.0000000000 0.2799123063 0.3850193775 0.0000000000 0.0000000000 0.3350683162
0.0000000000 0.0000000000 0.0000000000 0.4911828097 0.2036311770 0.0000000000 0.3051860134 0.0000000000 0.0000000000
0.0000000000 0.0000000000 0.0000000000 0.4044664328 0.3194915513 0.0000000000 0.0000000000 0.2760420159 0.0000000000
0.0000000000 0.4239719875 0.2158334117 0.0000000000 0.2331555197 0.0000000000 0.0000000000 0.1270390811 0.0000000000
0.0000000000 0.2727785455 0.2684922581 0.0000000000 0.2229594079 0.1375089944 0.0000000000 0.0982607941 0.0000000000
0.0000000000 0.0000000000 0.0000000000 0.0000000000 0.2074876761 0.2483534401 0.0000000000 0.5441588837 0.0000000000
0.0000000000 0.2231485804 0.2722282244 0.0000000000 0.1720430844 0.2307808985 0.0000000000 0.0000000000 0.1017992123
0.0000000000 0.1810956910 0.0000000000 0.0000000000 0.2386792814 0.1853753112 0.0000000000 0.1934300568 0.2014196597
0.0000000000 0.1994921923 0.0667339830 0.1861737281 0.2734563031 0.0923994100 0.0876107957 0.0941335879 0.0000000000
0.2730960125 0.0000000000 0.0000000000 0.3136932030 0.2265725401 0.0000000000 0.0000000000 0.1866382444 0.0000000000
0.0000000000 0.0000000000 0.0000000000 0.1484850825 0.1593425526 0.1106771114 0.1873070771 0.2125371051 0.1816510712
0.0000000000 0.0000000000 0.0000000000 0.5963105445 0.4036894555 0.0000000000 0.0000000000 0.0000000000 0.0000000000
0.0000000000 0.6089803736 0.0000000000 0.0000000000 0.3910196264 0.0000000000 0.0000000000 0.0000000000 0.0000000000
0.2264449542 0.3479282028 0.2526000841 0.0000000000 0.1730267588 0.0000000000 0.0000000000 0.0000000000 0.0000000000
0.0000000000 0.0000000000 0.0000000000 0.4212776387 0.3541361301 0.2245862312 0.0000000000 0.0000000000 0.0000000000
0.1957084608 0.2092819314 0.0000000000 0.1666722756 0.2363576797 0.1063076701 0.0000000000 0.0856719823 0.0000000000
0.0000000000 0.0000000000 0.0000000000 0.0000000000 0.4853407288 0.0000000000 0.0000000000 0.5146592712 0.0000000000
0.0000000000 0.2399715108 0.2664606804 0.0000000000 0.1636178882 0.2372695424 0.0000000000 0.0000000000 0.0926803781
0.0000000000 0.0000000000 0.0000000000 0.3213637111 0.1868110375 0.0000000000 0.3037810582 0.1880441932 0.0000000000
0.0000000000 0.0000000000 0.0000000000 0.6122407293 0.3877592707 0.0000000000 0.0000000000 0.0000000000 0.0000000000
0.0000000000 0.0000000000 0.0000000000 0.0000000000 0.1953282491 0.2359264301 0.0000000000 0.2473158281 0.3214294927
0.0000000000 0.0000000000 0.0000000000 0.0000000000 0.4547028274 0.0000000000 0.0000000000 0.5452971726 0.0000000000
0.0000000000 0.6142041891 0.0000000000 0.0000000000 0.3857958109 0.0000000000 0.0000000000 0.0000000000 0.0000000000
0.0000000000 0.0000000000 0.0000000000 0.0000000000 0.4833524682 0.0000000000 0.0000000000 0.5166475318 0.0000000000
0.0000000000 0.0000000000 0.0000000000 0.3323783813 0.2903881246 0.2040132115 0.0000000000 0.1732202826 0.0000000000
0.0000000000 0.0000000000 0.0000000000 0.6059828488 0.3940171512 0.0000000000 0.0000000000 0.0000000000 0.0000000000
0.0985764540 0.0000000000 0.0000000000 0.2222228614 0.1341338941 0.0000000000 0.2141254736 0.2383116976 0.0926296192
