0.0000000000 0.0000000000 0.0000000000 0.0000000000 0.0000000000 0.0000000000 0.0000000000 0.0004548470 0.0000000000 0.0000000000 0.1216848632 0.1110302522 0.0161785603 0.0067745863 0.0000000000 0.4864878893 0.0000000000 0.0000000000 0.0000000000 0.0000000000 0.2550058267 0.0023831749 0.0000000000 0.0000000000 0.0000000000
0.0000000000 0.0988836714 0.1038845091 0.0097787785 0.0000000000 0.0678097542 0.1898295183 0.1543890345 0.0464694681 0.0035775671 0.0477135321 0.1308915621 0.0716570619 0.0203563438 0.0031908422 0.0026071819 0.0234160572 0.0234682952 0.0020542309 0.0000000000 0.0000000000 0.0000000000 0.0000000000 0.0000225912 0.0000000000
0.0000000000 0.0000000000 0.0027537869 0.0000000000 0.0000114129 0.0000000000 0.0264131588 0.0557895271 0.0177802994 0.0027906872 0.0486205383 0.1239477399 0.1657806008 0.0838492057 0.0157298146 0.0174890746 0.0597312821 0.1600535928 0.1213823424 0.0330835780 0.0002657410 0.0268804860 0.0376471316 0.0000000000 0.0000000000
0.0000000000 0.0645627573 0.0000000000 0.0000000000 0.0000000000 0.1478724168 0.1047200602 0.0483927246 0.0000000000 0.0000000000 0.1847980715 0.1104131442 0.0536885060 0.0000000000 0.0000000000 0.1223013465 0.0883943589 0.0349636879 0.0000000000 0.0000000000 0.0000000000 0.0289599007 0.0109330254 0.0000000000 0.0000000000
0.0000000000 0.0000000000 0.0000000000 0.0000000000 0.0000000000 0.0000000000 0.0000000000 0.0088619255 0.0000000000 0.0000000000 0.0224442698 0.0000000000 0.0142737318 0.0097419724 0.0000000000 0.0669563248 0.0616856501 0.0528737214 0.0726138894 0.0000000000 0.0000000000 0.2766207920 0.4139277229 0.0000000000 0.0000000000
0.0000000000 0.0000000000 0.0000000000 0.0000000000 0.0000000000 0.0000000000 0.0000000000 0.0000000000 0.0000000000 0.0000000000 0.0026110877 0.0257435311 0.0589424651 0.0646931427 0.0724483997 0.0125341379 0.0597004471 0.1023941377 0.1549373212 0.1190871826 0.0000000000 0.0000000000 0.0770538798 0.1815845426 0.0682697247
0.0000000000 0.1140557337 0.1344025757 0.1630355028 0.1144722284 0.0000000000 0.0000000000 0.1599822796 0.1764415353 0.0000000000 0.0000000000 0.0405104069 0.0958623664 0.0000000000 0.0000000000 0.0000000000 0.0011618065 0.0000000000 0.0000000000 0.0000000000 0.0000000000 0.0000755646 0.0000000000 0.0000000000 0.0000000000
0.0000000000 0.0000000000 0.0000000000 0.0880114876 0.3637660403 0.0000000000 0.0000000000 0.0596947571 0.0596852021 0.1710861715 0.0000000000 0.0000000000 0.0541590139 0.0746264455 0.1179005163 0.0000000000 0.0000000000 0.0110703656 0.0000000000 0.0000000000 0.0000000000 0.0000000000 0.0000000000 0.0000000000 0.0000000000
0.0000000000 0.0130479433 0.0565603568 0.0501063530 0.0012122091 0.0087184334 0.0664907801 0.1622727850 0.2148246647 0.0594516871 0.0089143177 0.0720533083 0.1334963020 0.0928042429 0.0160370882 0.0000000000 0.0068556667 0.0249315731 0.0096391697 0.0000000000 0.0000000000 0.0000000000 0.0014186128 0.0011645058 0.0000000000
0.0000000000 0.0000000000 0.1315551889 0.1638102708 0.0856046885 0.0942076185 0.1472940321 0.1182821862 0.0650997016 0.0000000000 0.0000000000 0.0000000000 0.0591307177 0.0465317691 0.0350366299 0.0000000000 0.0000000000 0.0322582432 0.0211889535 0.0000000000 0.0000000000 0.0000000000 0.0000000000 0.0000000000 0.0000000000
0.0000000000 0.0000000000 0.0309433061 0.0000000000 0.0000000000 0.1258232039 0.0563870356 0.0668227813 0.0000000000 0.0000000000 0.2146601728 0.1222115957 0.1049615955 0.0000000000 0.0000000000 0.0000000000 0.1144110877 0.0709757705 0.0000000000 0.0000000000 0.0000000000 0.0928034510 0.0000000000 0.0000000000 0.0000000000
0.0141911728 0.0014412720 0.0000000000 0.0000000000 0.0000000000 0.2368056739 0.0000000000 0.0000000000 0.0000000000 0.0000000000 0.2345521893 0.3459677204 0.0246329574 0.0005530254 0.0000000000 0.0000000000 0.0760168494 0.0270397097 0.0000000000 0.0000000000 0.0000000000 0.0000000000 0.0387994298 0.0000000000 0.0000000000
0.0000000000 0.0000000000 0.0000000000 0.0000000000 0.0000159606 0.0120243275 0.0000000000 0.0000000000 0.0000000000 0.0024948082 0.1125311669 0.2279706652 0.1975697883 0.1431495194 0.0204957636 0.0649818743 0.1122084005 0.0506855183 0.0485941736 0.0000000000 0.0000000000 0.0000000000 0.0054373243 0.0018407095 0.0000000000
0.2483832319 0.2192581370 0.1064301835 0.0774456513 0.0000000000 0.1334737843 0.1060344020 0.0663677467 0.0272402581 0.0000000000 0.0000000000 0.0000000000 0.0153666052 0.0000000000 0.0000000000 0.0000000000 0.0000000000 0.0000000000 0.0000000000 0.0000000000 0.0000000000 0.0000000000 0.0000000000 0.0000000000 0.0000000000
0.0000000000 0.1518092628 0.0000000000 0.0000000000 0.0000000000 0.0000000000 0.0764017758 0.0000000000 0.0000000000 0.0000000000 0.0000000000 0.4776416221 0.0685368975 0.0000000000 0.0000000000 0.0000000000 0.0597440864 0.0085440457 0.0448270326 0.0000000000 0.0000000000 0.0000000000 0.0000000000 0.1124952772 0.0000000000
0.0000000000 0.0000000000 0.0009569807 0.0000000000 0.0000000000 0.0000000000 0.0000000000 0.0128017896 0.0607965574 0.0000000000 0.0082481157 0.0323683227 0.0590860001 0.0443810341 0.0395789270 0.0170331396 0.0725049304 0.0703822662 0.1885647034 0.0536466878 0.0000000000 0.0000000000 0.1199966367 0.1926411449 0.0270127638
0.0000000000 0.2608461883 0.0000000000 0.0000000000 0.0000000000 0.0000000000 0.0820012800 0.0000000000 0.0000000000 0.0000000000 0.0773361077 0.1109765747 0.0812693400 0.0000000000 0.0000000000 0.1372393263 0.1159775494 0.0000000000 0.0000000000 0.0000000000 0.0000000000 0.1343536337 0.0000000000 0.0000000000 0.0000000000
0.0000000000 0.0034319638 0.0714951403 0.0684951452 0.0000000000 0.0026001294 0.1379831093 0.1971985466 0.1550576334 0.0000000000 0.0000000000 0.1248439705 0.1216397903 0.0597945608 0.0021455133 0.0000000000 0.0195542862 0.0342165631 0.0012095156 0.0000001155 0.0000000000 0.0000000000 0.0003340167 0.0000000000 0.0000000000
0.0000000000 0.0000000000 0.0000000000 0.0000000000 0.0000000000 0.0000000000 0.0000000000 0.0000000000 0.0005153581 0.0000000000 0.0156420802 0.0388644869 0.0402408646 0.0138624179 0.0015104896 0.0611642627 0.1190263070 0.1178484528 0.0560598416 0.0161275176 0.0175295945 0.1803452082 0.2202429552 0.1010201629 0.0000000000
0.0000000000 0.0000000000 0.0701332538 0.0052921794 0.0006182267 0.0000000000 0.0000000000 0.0842528185 0.1544951440 0.0092313436 0.0000000000 0.0327711754 0.1828801438 0.2544343125 0.1228461715 0.0005815121 0.0106933445 0.0603417836 0.0000000000 0.0000000000 0.0000000000 0.0006934316 0.0100458930 0.0006892659 0.0000000000
0.0000000000 0.0000000000 0.0000000000 0.0000000000 0.0000000000 0.0000000000 0.0447557761 0.0504704572 0.0580872967 0.1170491509 0.0000000000 0.0607274657 0.0700783073 0.1099425046 0.2277584247 0.0000000000 0.0000000000 0.1015106881 0.1596199286 0.0000000000 0.0000000000 0.0000000000 0.0000000000 0.0000000000 0.0000000000
0.0000000000 0.0000000000 0.0000000000 0.0000000000 0.0000000000 0.0088968313 0.3671594707 0.0000000000 0.0000000000 0.0013411530 0.0163068036 0.0047099821 0.0481241467 0.0074737132 0.0010045373 0.0000000000 0.3892782803 0.0333364302 0.0000000000 0.0090396934 0.0000000000 0.1133289582 0.0000000000 0.0000000000 0.0000000000
0.0757701778 0.0361193123 0.0058425015 0.0000000000 0.0000000000 0.1881447733 0.0928843436 0.0282775490 0.0000000000 0.0000000000 0.2105834822 0.1146925708 0.0340828617 0.0000000000 0.0000000000 0.1043478024 0.0728300135 0.0000000000 0.0000000000 0.0000000000 0.0149127162 0.0215118957 0.0000000000 0.0000000000 0.0000000000
0.0000000000 0.1037071266 0.1062305511 0.0213139901 0.0000000000 0.0971585919 0.2289079580 0.1613370948 0.0356667095 0.0000000000 0.0606483610 0.1057342739 0.0561065075 0.0108482819 0.0007245208 0.0028201867 0.0000000000 0.0075146218 0.0012709747 0.0000095347 0.0000007152 0.0000000000 0.0000000000 0.0000000000 0.0000000000
0.0000000000 0.0000000000 0.0000000000 0.0000000000 0.0000000000 0.0000000000 0.1302686451 0.1283228349 0.0000000000 0.0000000000 0.0000000000 0.1235359128 0.0628133363 0.0941598522 0.0000000000 0.0000000000 0.1016829647 0.1044038621 0.2548125919 0.0000000000 0.0000000000 0.0000000000 0.0000000000 0.0000000000 0.0000000000
0.0000000000 0.1403711508 0.0000000000 0.0000000000 0.0000000000 0.2172399244 0.1671495207 0.0773068501 0.0000000000 0.0000000000 0.1471130147 0.0869230722 0.0419707549 0.0000000000 0.0000000000 0.0000000000 0.0521410130 0.0680234210 0.0000000000 0.0000000000 0.0000000000 0.0000000000 0.0017612782 0.0000000000 0.0000000000
0.0000000000 0.0000000000 0.0598017951 0.0971775028 0.0000000000 0.0000000000 0.0451231653 0.0902200990 0.1303129591 0.0942359853 0.0112985005 0.0310977423 0.0482642558 0.1658919071 0.2014725518 0.0000000000 0.0251035358 0.0000000000 0.0000000000 0.0000000000 0.0000000000 0.0000000000 0.0000000000 0.0000000000 0.0000000000
0.0000000000 0.0000000000 0.0000003322 0.0000554047 0.0000003356 0.0000000000 0.0000614535 0.0000000000 0.0048596710 0.0000000000 0.0000000000 0.0017892806 0.0271741080 0.0376015016 0.0416723655 0.0000000000 0.0000000058 0.2108331892 0.1797323911 0.0715184714 0.0000000000 0.0105531127 0.0500515114 0.3546599149 0.0094369507
0.0000000000 0.0000000000 0.0004674186 0.0000000000 0.0000000000 0.0000000000 0.0000000000 0.0116608971 0.0028948228 0.0003210646 0.0241000061 0.0512452569 0.0458094458 0.0227840039 0.0048042151 0.0186627612 0.1368816645 0.1654098451 0.0782705623 0.0231873336 0.0022882268 0.1054787844 0.3057336911 0.0000000000 0.0000000000
0.0000000000 0.0000000000 0.0999445675 0.0944099726 0.0000000000 0.0000000000 0.0000000000 0.1092833030 0.1524844184 0.1068283410 0.0000000000 0.0403066137 0.0633953650 0.0946089771 0.1253773104 0.0000000000 0.0203555903 0.0427674236 0.0502381174 0.0000000000 0.0000000000 0.0000000000 0.0000000000 0.0000000000 0.0000000000
0.0000000000 0.0000000000 0.0000000000 0.0000000000 0.0000000000 0.0000000000 0.0000000000 0.0000000000 0.0000000000 0.0000000000 0.0000000000 0.1197762403 0.1933753038 0.0000000000 0.0000000000 0.0000000000 0.1429783450 0.1305058316 0.1541760738 0.0000000000 0.0000000000 0.2591882055 0.0000000000 0.0000000000 0.0000000000
0.0004480133 0.0026926881 0.0000000000 0.0000000000 0.0000000000 0.0207126444 0.0492079137 0.0408496902 0.0039370968 0.0000000000 0.0605817072 0.1250208334 0.0858909625 0.0169056739 0.0002959350 0.1357299428 0.2334098492 0.0872090459 0.0158722462 0.0005612805 0.0068929361 0.0907625250 0.0230167887 0.0000000000 0.0000022269
0.0000000000 0.0000000000 0.0000000000 0.0000000000 0.0000000000 0.0000000000 0.0000000000 0.0000000000 0.0263276824 0.0042497687 0.0000000000 0.0266799228 0.0569349751 0.1052915139 0.1236644823 0.0077311722 0.0472814901 0.0871972103 0.1113497835 0.1116857823 0.0000000000 0.0322553541 0.2593508623 0.0000000000 0.0000000000
0.0000000000 0.0000000000 0.0000000000 0.0000000000 0.0000000000 0.0034146798 0.0096326201 0.0072471706 0.0000000000 0.0000000000 0.0287391626 0.0496488946 0.0333915793 0.0000000000 0.0000000000 0.1129965210 0.1955201139 0.1294180403 0.0322022166 0.0032834706 0.1091115329 0.1978845426 0.0778681260 0.0090807809 0.0005605482
0.0003825855 0.0137969670 0.0170192126 0.0102140160 0.0000345353 0.0075005779 0.0561753454 0.1847612265 0.0886237963 0.0000000000 0.0123198152 0.1579154589 0.2104301223 0.1125170696 0.0128384079 0.0042525259 0.0317673026 0.0629144571 0.0113962791 0.0010888379 0.0000000000 0.0000000000 0.0028320458 0.0012072799 0.0000121354
0.0000000000 0.0000000000 0.0000000000 0.0001513902 0.0000000000 0.0000000000 0.0000000000 0.0056486497 0.0072877904 0.0002401691 0.0000000000 0.0360329993 0.0535878316 0.0243559891 0.0000000000 0.0000000000 0.0967919713 0.1292210814 0.1344050938 0.0000000000 0.0054467443 0.0248518491 0.1717405581 0.2321722863 0.0780655963
0.0000000000 0.0819411503 0.0124020536 0.0000000000 0.0000000000 0.2840051324 0.1529782929 0.0000000000 0.0000000000 0.0000000000 0.2125450765 0.0789266292 0.0260791236 0.0000000000 0.0000000000 0.0869456755 0.0464552635 0.0000000000 0.0000000000 0.0000000000 0.0177216026 0.0000000000 0.0000000000 0.0000000000 0.0000000000
0.0000000000 0.0000000000 0.0000000000 0.0000000000 0.0000000000 0.0000000000 0.0000000000 0.0000000000 0.0000000000 0.0000000000 0.0000000000 0.4593495938 0.5406504062 0.0000000000 0.0000000000 0.0000000000 0.0000000000 0.0000000000 0.0000000000 0.0000000000 0.0000000000 0.0000000000 0.0000000000 0.0000000000 0.0000000000
0.0000000000 0.0000000000 0.0007316633 0.0000000000 0.0000000000 0.0000000000 0.0000000000 0.0029892407 0.0413876758 0.1282235926 0.0000000000 0.0026906486 0.0267099072 0.0622679538 0.1995889110 0.0000000000 0.0000000000 0.0000000000 0.1140552872 0.2694873677 0.0000000000 0.0000000000 0.0000000000 0.0636215937 0.0882461586
0.0624744557 0.1435876251 0.1881972966 0.1676304222 0.0687154584 0.0314876537 0.0918942665 0.0827576139 0.0741073115 0.0297110454 0.0000000000 0.0152782388 0.0263622003 0.0177964120 0.0000000000 0.0000000000 0.0000000000 0.0000000000 0.0000000000 0.0000000000 0.0000000000 0.0000000000 0.0000000000 0.0000000000 0.0000000000
0.0147696314 0.0000000000 0.0000000000 0.0000000000 0.0000000000 0.0838760753 0.1172945754 0.0653466605 0.0000000000 0.0000000000 0.0000000000 0.0669071278 0.1118958476 0.0850504709 0.0000000000 0.0000000000 0.1248577257 0.1851952093 0.1448066761 0.0000000000 0.0000000000 0.0000000000 0.0000000000 0.0000000000 0.0000000000
0.2356663229 0.1421083830 0.1279945973 0.1455803721 0.2157936434 0.0000000000 0.0000000000 0.0658847066 0.0000000000 0.0000000000 0.0000000000 0.0000000000 0.0669719747 0.0000000000 0.0000000000 0.0000000000 0.0000000000 0.0000000000 0.0000000000 0.0000000000 0.0000000000 0.0000000000 0.0000000000 0.0000000000 0.0000000000
0.0010416889 0.0116988860 0.1294481282 0.0162838201 0.0000000000 0.0302475802 0.1074544916 0.1756821124 0.0633897024 0.0000000000 0.0000000000 0.0860137388 0.0680618057 0.0383724910 0.0081962445 0.0028855606 0.0639869020 0.1195159968 0.0725865321 0.0051343187 0.0000000000 0.0000000000 0.0000000000 0.0000000000 0.0000000000
0.0000000000 0.0000000000 0.0000000000 0.0000000000 0.0000000000 0.0000000000 0.0013101184 0.0000000000 0.0000000000 0.0000000000 0.0018627799 0.1775456371 0.1389565970 0.0259148277 0.0000000000 0.0983218038 0.2896212530 0.1822240667 0.0024653613 0.0000000000 0.0000006345 0.0817750764 0.0000018441 0.0000000000 0.0000000000
0.2614125435 0.1829516295 0.1212394781 0.0000000000 0.0000000000 0.1635279099 0.0957709230 0.0648067314 0.0000000000 0.0000000000 0.0893662505 0.0000000000 0.0209245341 0.0000000000 0.0000000000 0.0000000000 0.0000000000 0.0000000000 0.0000000000 0.0000000000 0.0000000000 0.0000000000 0.0000000000 0.0000000000 0.0000000000
0.0000000000 0.0222620617 0.0000000000 0.0000000000 0.0000000000 0.0357456490 0.1263275424 0.0865280894 0.0750129148 0.0000000000 0.0000000000 0.1767159012 0.0832552397 0.0581168601 0.0000000000 0.0000000000 0.0943828111 0.0922758536 0.0000000000 0.0000000000 0.0000000000 0.0000000000 0.1389629847 0.0104140921 0.0000000000
0.0000000000 0.0000000000 0.0000000000 0.0000000000 0.0000000000 0.0000000000 0.0000000000 0.0000000000 0.0000000000 0.0000000000 0.0000000000 0.0000000000 0.0448191626 0.0000000000 0.0000000000 0.0000000000 0.0643773945 0.0574544335 0.0000000000 0.0000000000 0.0000000000 0.2692244987 0.5641245107 0.0000000000 0.0000000000
0.0000000000 0.0000000000 0.0000000000 0.0000000000 0.0000000000 0.0000000000 0.0000000000 0.0000000000 0.0000000000 0.0000000000 0.0000000000 0.0994941522 0.0333022879 0.0935769432 0.0000000000 0.0000000000 0.1844853146 0.0758359457 0.1036638956 0.0000000000 0.0000000000 0.1893490936 0.2202923673 0.0000000000 0.0000000000
0.0000000000 0.0000000000 0.0000000000 0.0000000000 0.0109694775 0.0000000000 0.0000000000 0.0000000000 0.0109650119 0.0386052666 0.0000000000 0.0015312658 0.0091579411 0.0233972556 0.0894520372 0.0000000000 0.0000000000 0.0206431994 0.0989492962 0.2722045579 0.0000000000 0.0000000000 0.0000000000 0.1170259046 0.3070987860
0.0000000000 0.0000000000 0.0033800111 0.0023854366 0.0000000000 0.0000000000 0.0011593766 0.1141095682 0.1454734300 0.0031842302 0.0000000005 0.0312407354 0.3489686880 0.2584443754 0.0156163795 0.0000000000 0.0011417151 0.0704561359 0.0044379843 0.0000019332 0.0000000000 0.0000000000 0.0000000000 0.0000000000 0.0000000000
0.0000000000 0.0000000000 0.0000000000 0.0000000000 0.0000000000 0.0000000000 0.0000000000 0.0000090527 0.0000000000 0.0000000000 0.0000000000 0.0000031090 0.0000033096 0.9615317925 0.0000000000 0.0000000000 0.0000000000 0.0384463239 0.0000064123 0.0000000000 0.0000000000 0.0000000000 0.0000000000 0.0000000000 0.0000000000
