0.0000000000 0.2497545335 0.2475980250 0.1627059644 0.1712946943 0.1686467828 0.0000000000 0.0000000000 0.0000000000
0.1875683668 0.0000000000 0.0000000000 0.2338292704 0.1532169275 0.0000000000 0.2365616843 0.1888237509 0.0000000000
0.2009897222 0.1442862481 0.0000000000 0.1985669002 0.1215787416 0.0000000000 0.1948839822 0.1396944057 0.0000000000
0.0789231669 0.1224205941 0.0000000000 0.0000000000 0.1257226481 0.1422721820 0.1539109800 0.1875141994 0.1892362297
0.0399900174 0.1157493936 0.1443998972 0.0000000000 0.1461143099 0.1884707204 0.0604382220 0.1327270686 0.1721103709
0.3906801672 0.0000000000 0.0000000000 0.3001271812 0.3091926516 0.0000000000 0.0000000000 0.0000000000 0.0000000000
0.0576531665 0.1278267856 0.0841017806 0.1042184141 0.1769402384 0.1401662236 0.0876750534 0.1416456645 0.0797726734
0.0000000000 0.1791036159 0.1001629978 0.2557046115 0.1610122562 0.0000000000 0.1827210761 0.1212954425 0.0000000000
0.0000000000 0.0000000000 0.0000000000 0.0000000000 0.2440407970 0.0000000000 0.3809543424 0.3750048605 0.0000000000
0.0000000000 0.2563654356 0.2149282118 0.0000000000 0.1577135880 0.2088381453 0.0000000000 0.0000000000 0.1621546193
0.0404674730 0.1198223029 0.2109162365 0.0000000000 0.1217826740 0.1691570380 0.0532170286 0.1406753893 0.1439618577
0.2000147042 0.1240865395 0.0000000000 0.1694109691 0.1276641583 0.0557579455 0.1981077019 0.1249579817 0.0000000000
0.0852190879 0.1146301795 0.0802673383 0.1232190854 0.1756594854 0.1105900655 0.0945887933 0.1304742001 0.0853517647
0.1421821712 0.0942592375 0.0000000000 0.2007478734 0.1286703060 0.0000000000 0.2104089383 0.1541128210 0.0696186526
0.0706714284 0.1037351621 0.0716654672 0.1197793602 0.1869734922 0.1277252498 0.0805764090 0.1363613852 0.1025120460
0.2006003684 0.1404801845 0.0000000000 0.2084653474 0.1340021046 0.0000000000 0.1780828470 0.1383691481 0.0000000000
0.0000000000 0.1539949085 0.0989632692 0.1389922672 0.1719569819 0.1301926917 0.0924146668 0.1244579559 0.0890272588
0.1991363626 0.1303792200 0.0000000000 0.2120274642 0.1303472723 0.0000000000 0.1752889282 0.1528207527 0.0000000000
0.0926019618 0.0853873913 0.0000000000 0.1830204793 0.1564587961 0.0809652625 0.1470215795 0.1635279709 0.0910165587
0.0794585856 0.1163862709 0.0778386283 0.1257390878 0.1627391566 0.1155696383 0.1001812148 0.1372401271 0.0848472906
0.1616815703 0.1316767715 0.0000000000 0.1241289978 0.1585975351 0.1498760622 0.0000000000 0.1336610822 0.1403779808
0.0000000000 0.1259692577 0.0885835138 0.1416918169 0.1824850087 0.1268228595 0.0891917564 0.1567045900 0.0885511971
0.0000000000 0.5516309407 0.0000000000 0.0000000000 0.4483690593 0.0000000000 0.0000000000 0.0000000000 0.0000000000
0.0777804543 0.1149086377 0.0725322485 0.1462915081 0.1768923932 0.1038378885 0.0819863753 0.1056970812 0.1200734131
0.3199753780 0.2366224448 0.0000000000 0.2373937291 0.2060084480 0.0000000000 0.0000000000 0.0000000000 0.0000000000
0.0000000000 0.1330559316 0.0955277338 0.1343651001 0.1778964019 0.1326708782 0.0977383637 0.1324562143 0.0962893763
0.1513893476 0.1866511469 0.1702566916 0.1379470883 0.1313105764 0.1221321327 0.0488743525 0.0000000000 0.0514386640
0.0000000000 0.1632726624 0.2084407523 0.0000000000 0.1290461113 0.2079972580 0.0000000000 0.1088705578 0.1823726582
0.0000000000 0.0000000000 0.0000000000 0.5514405690 0.4485594310 0.0000000000 0.0000000000 0.0000000000 0.0000000000
0.1020680043 0.0764768613 0.0000000000 0.1536370712 0.1496626668 0.0899287205 0.1638050553 0.1680510260 0.0963705946
0.0556080564 0.1259299232 0.1532434911 0.0000000000 0.1268588057 0.2012240433 0.0552021581 0.1257574165 0.1561761057
0.1988699357 0.1414256520 0.0000000000 0.2044893260 0.1396437046 0.0000000000 0.1835992913 0.1319720904 0.0000000000
0.0000000000 0.1756693534 0.0000000000 0.2314540997 0.1753903019 0.0000000000 0.2476191699 0.1698670750 0.0000000000
0.0654317723 0.0000000000 0.0632229674 0.1207257348 0.1131717924 0.1163581826 0.1513535378 0.2093177439 0.1604182688
0.0853206143 0.1618991675 0.1432350264 0.0842414430 0.1440984587 0.1638675217 0.0000000000 0.1020981173 0.1152396510
0.1042065906 0.1648380563 0.1574190340 0.0706664143 0.1430526129 0.1630403148 0.0000000000 0.0845747764 0.1122022008
0.0000000000 0.0000000000 0.1069306261 0.1114951406 0.1420474122 0.2031133666 0.0000000000 0.1874029822 0.2490104723
0.0942361923 0.1205785343 0.0778570763 0.1280317236 0.1594263393 0.1100884381 0.0944835138 0.1287189957 0.0865791867
0.0000000000 0.3733353207 0.3860555197 0.0000000000 0.2406091595 0.0000000000 0.0000000000 0.0000000000 0.0000000000
0.0000000000 0.0000000000 0.0000000000 0.0000000000 0.1745623271 0.2534338220 0.0000000000 0.2320109867 0.3399928641
0.1856059066 0.0891106685 0.0000000000 0.1929993376 0.1124260485 0.0692322614 0.2213103253 0.1293154521 0.0000000000
0.0774569464 0.1121239338 0.0933545619 0.1051288144 0.1753613897 0.1208328011 0.0926561276 0.1306226741 0.0924627510
0.0885340337 0.0965271024 0.0806917810 0.1143068702 0.1598564470 0.1628287118 0.0858183608 0.1316903549 0.0797463382
0.1006076292 0.1781953697 0.1523981279 0.0855685246 0.1516262237 0.1589697015 0.0000000000 0.0833443549 0.0892900685
0.0794878524 0.1098796791 0.0782848926 0.1256685430 0.1576148921 0.1193866953 0.0861607987 0.1203525277 0.1231641190
0.0000000000 0.0000000000 0.0000000000 0.2582860498 0.1577365716 0.0853362249 0.2790134947 0.2196276591 0.0000000000
0.0701332710 0.1252750884 0.0841250734 0.1242837915 0.1663107452 0.1276098080 0.0807984051 0.1301185482 0.0913452691
0.0939090900 0.0781697164 0.0000000000 0.1605717576 0.1303042062 0.0931642152 0.1660538753 0.1830097698 0.0948173696
0.0000000000 0.0000000000 0.3957422842 0.0000000000 0.2741725965 0.3300851193 0.0000000000 0.0000000000 0.0000000000
0.0000000000 0.2605517509 0.2191491109 0.1738888170 0.1726092923 0.1738010288 0.0000000000 0.0000000000 0.0000000000
