0.0003286197 0.0027312108 0.0019443889 0.0004134421 0.0000000000 0.0036572274 0.0147997248 0.0112483218 0.0020724572 0.0006156744 0.0756738857 0.0584747152 0.0249364333 0.0107536699 0.0022071734 0.0760731175 0.4882321571 0.0604128950 0.0055603654 0.0011097190 0.0025925875 0.0783360472 0.0726475596 0.0048987259 0.0002798811
0.0007086227 0.0178468688 0.0346995804 0.0180057461 0.0007147927 0.0180841230 0.0686023122 0.0866926368 0.0684678661 0.0178919261 0.0347988327 0.0867215661 0.0935883781 0.0864904829 0.0346769350 0.0180781469 0.0687518314 0.0863734630 0.0687312710 0.0178379076 0.0007061140 0.0178708348 0.0350478560 0.0178937089 0.0007181964
0.0000000000 0.0054942615 0.0000802561 0.0000000103 0.0000000000 0.0003020768 0.0104658178 0.1785421904 0.0117792975 0.0000000144 0.0175884210 0.1795926277 0.2337991509 0.1749621879 0.0000355132 0.0000000000 0.0001692230 0.1867473856 0.0001768961 0.0002646699 0.0000000000 0.0000000000 0.0000000000 0.0000000000 0.0000000000
0.0001573826 0.0038810556 0.0098029001 0.0106130910 0.0001656632 0.0059572303 0.0325016524 0.1222424526 0.0407143462 0.0056412782 0.0156034370 0.1140044840 0.1543077106 0.1274156811 0.0136339094 0.0060909400 0.0648191758 0.1284870034 0.0495560896 0.0121507101 0.0005290378 0.0213991963 0.0398804992 0.0198713077 0.0005737660
0.0000000000 0.0000000273 0.0000800737 0.0000000203 0.0000000000 0.0000000106 0.0225738940 0.1848298393 0.0106654241 0.0000000293 0.0000534855 0.1813624288 0.2381046711 0.1796303582 0.0000157928 0.0000000000 0.0002317170 0.1791354636 0.0033167644 0.0000000000 0.0000000000 0.0000000000 0.0000000000 0.0000000000 0.0000000000
0.0000000000 0.0000000200 0.0000963114 0.0000000260 0.0000000000 0.0000000122 0.0143538492 0.1857448034 0.0199068428 0.0000000103 0.0000480065 0.1812016550 0.2365381010 0.1790086322 0.0000000000 0.0000000000 0.0037172454 0.1791514610 0.0002330234 0.0000000000 0.0000000000 0.0000000000 0.0000000000 0.0000000000 0.0000000000
0.0000456614 0.0042462189 0.0273534989 0.3525968229 0.0214900821 0.0022494942 0.0076677787 0.0320064232 0.0766992029 0.2911597183 0.0016869237 0.0069774661 0.0109382468 0.0711088707 0.0416032886 0.0000000000 0.0018483907 0.0072887065 0.0153102681 0.0247718607 0.0000014088 0.0002868006 0.0016095598 0.0010212122 0.0000320949
0.0000000000 0.0024671761 0.0233757315 0.0525831408 0.0611760103 0.0014723560 0.0131293279 0.0306023300 0.1763060980 0.0714577423 0.0000000000 0.0141338703 0.0413066669 0.0997854120 0.1992052511 0.0004550877 0.0097688851 0.0280143124 0.1268853827 0.0237578665 0.0000151477 0.0003735994 0.0080117446 0.0083900598 0.0073268008
0.0000000000 0.0000000211 0.0000000000 0.0000000035 0.0000000000 0.0000000052 0.0062105271 0.1750709857 0.0061332229 0.0000000000 0.0000391927 0.1855188036 0.2323483715 0.1829685495 0.0115004771 0.0065799000 0.0206747329 0.1728061631 0.0001490440 0.0000000000 0.0000000000 0.0000000000 0.0000000000 0.0000000000 0.0000000000
0.0002192670 0.0070790394 0.0106818075 0.0000000065 0.0001993956 0.0096965185 0.0035338393 0.1666675301 0.0238661258 0.0000000048 0.0106539228 0.1735337619 0.2089172708 0.1755933949 0.0175028645 0.0000000000 0.0000878535 0.1766768023 0.0000879842 0.0000000000 0.0003605680 0.0081910991 0.0000000000 0.0062293305 0.0002216131
0.0004633174 0.0198254734 0.0286793332 0.0047072216 0.0006149348 0.0111863197 0.0174451934 0.1395911819 0.0640184405 0.0038422876 0.0042872895 0.1449371733 0.1768542509 0.1552915095 0.0049902869 0.0006913690 0.0217281691 0.1480860601 0.0412875096 0.0006933100 0.0000000052 0.0009847730 0.0093660175 0.0004285676 0.0000000052
0.0006727996 0.0032951548 0.0035538577 0.0007779908 0.0000000000 0.0098910469 0.0203313339 0.0071107686 0.0038491530 0.0006898850 0.1693311045 0.0366980884 0.0134654629 0.0071409752 0.0037744835 0.1020418124 0.2724345220 0.0353310213 0.0185245248 0.0032958449 0.0059872666 0.1021179093 0.1692593871 0.0097720003 0.0006536065
0.0000000000 0.0000000000 0.0000488139 0.0000000084 0.0000000000 0.0000000048 0.0035899569 0.1866527455 0.0111180319 0.0000000000 0.0000185937 0.1855897148 0.2436352097 0.1857136156 0.0000000000 0.0000000042 0.0000682722 0.1834927221 0.0000723064 0.0000000000 0.0000000000 0.0000000000 0.0000000000 0.0000000000 0.0000000000
0.0000000000 0.0000000267 0.0000665985 0.0000000106 0.0000000000 0.0000000093 0.0148669481 0.1854248299 0.0108307178 0.0000000124 0.0000406045 0.1853315658 0.2392517325 0.1817154079 0.0000182291 0.0000000082 0.0001282366 0.1821840567 0.0001410055 0.0000000000 0.0000000000 0.0000000000 0.0000000000 0.0000000000 0.0000000000
0.0005438322 0.0029981635 0.0030650805 0.0008003081 0.0000000000 0.0091038289 0.0208012447 0.0082637510 0.0043221498 0.0004118773 0.1783537314 0.0362754580 0.0146247564 0.0066917019 0.0032131985 0.0908649989 0.3205907876 0.0390700007 0.0172287924 0.0028163615 0.0066687214 0.0811595286 0.1438713032 0.0074177225 0.0008427009
0.0000000000 0.0030284055 0.0061681883 0.0029950348 0.0001182011 0.0001178175 0.0014170517 0.1687640482 0.0172759041 0.0040182486 0.0048717135 0.1614833439 0.2067779892 0.1601497008 0.0070460744 0.0111249214 0.0311213767 0.1682519857 0.0131799135 0.0075044614 0.0004065958 0.0036109828 0.0120987502 0.0081108029 0.0003584877
0.0002464569 0.0123718603 0.0088151073 0.0077297033 0.0004309733 0.0116706104 0.0222430187 0.1138962321 0.0442405495 0.0130172947 0.0276725796 0.1226830299 0.1383333536 0.1205866779 0.0202042145 0.0115481164 0.0582621900 0.1248910323 0.0687611644 0.0104594995 0.0004024380 0.0155267609 0.0268650877 0.0185380152 0.0006040335
0.0000885126 0.0055792908 0.0129174275 0.0058542591 0.0001040329 0.0027108063 0.0369415093 0.1698032483 0.0146104879 0.0035116217 0.0153393196 0.1673155242 0.2025246072 0.1622186823 0.0068651996 0.0034390434 0.0098819159 0.1604126325 0.0129355938 0.0001589553 0.0001009053 0.0031556706 0.0000075294 0.0035232228 0.0000000017
0.0001069841 0.0060014865 0.0134644272 0.0050064049 0.0001134865 0.0056337317 0.0246758525 0.1538706540 0.0224512177 0.0050665551 0.0067323304 0.1544231686 0.1984516977 0.1555602027 0.0066658040 0.0047339473 0.0379389529 0.1577760398 0.0213843661 0.0052755295 0.0002551547 0.0091319900 0.0000000000 0.0050551873 0.0002248291
0.0006063443 0.0173928544 0.0223192860 0.0077032410 0.0007427479 0.0173861598 0.0452954856 0.0936850025 0.0791110890 0.0154262639 0.0178973753 0.0936621469 0.1139809230 0.0984226228 0.0444718669 0.0139425747 0.0659467131 0.1036799098 0.0883617046 0.0057292494 0.0004570612 0.0231803796 0.0220662993 0.0076182797 0.0009144193
0.0000000000 0.0000000048 0.0000337659 0.0000000047 0.0000000000 0.0000000054 0.0000809389 0.1903093455 0.0001215161 0.0000000000 0.0000152771 0.1869266550 0.2467265688 0.1870993234 0.0000000000 0.0000000000 0.0000617142 0.1885165364 0.0001083438 0.0000000000 0.0000000000 0.0000000000 0.0000000000 0.0000000000 0.0000000000
0.0003798706 0.0105029940 0.0226647779 0.0058564703 0.0005227118 0.0115855812 0.0197285969 0.0993226848 0.0625207218 0.0099987212 0.0238999373 0.1050785413 0.1303077675 0.1067815401 0.0362389835 0.0075283313 0.0572651569 0.1134529400 0.0931296972 0.0157044386 0.0010485801 0.0225201002 0.0303613890 0.0132120809 0.0003873856
0.0005879723 0.0199777166 0.0573048953 0.0083984113 0.0004814027 0.0099319736 0.0569847960 0.1199100212 0.0283508254 0.0196714155 0.0143366962 0.1190708188 0.1406912611 0.0961818442 0.0343010694 0.0148473878 0.0286510505 0.1112554397 0.0570927856 0.0100328513 0.0005900359 0.0196700637 0.0163197515 0.0147684960 0.0005910187
0.0004212028 0.0158669686 0.0197184898 0.0044687876 0.0003605872 0.0106181711 0.0440671348 0.1341791737 0.0364257528 0.0050891677 0.0183815419 0.1370769709 0.1800711989 0.1308060695 0.0139660871 0.0067912589 0.0408183548 0.1364172326 0.0270235235 0.0065896403 0.0003631063 0.0070159792 0.0203009608 0.0028931874 0.0002694518
0.0000000000 0.0000000128 0.0000744121 0.0000000000 0.0000000000 0.0000000127 0.0042637264 0.1874138085 0.0001090572 0.0000000000 0.0000183526 0.1867401511 0.2465354869 0.1878219487 0.0000112975 0.0000000000 0.0001198131 0.1867530524 0.0001388680 0.0000000000 0.0000000000 0.0000000000 0.0000000000 0.0000000000 0.0000000000
0.0000000000 0.0058760738 0.0001023285 0.0000000348 0.0000000000 0.0000000244 0.0166905805 0.1770801976 0.0180913057 0.0065836221 0.0000455122 0.1734286894 0.2235692247 0.1698294243 0.0000000000 0.0000000114 0.0289839020 0.1693364208 0.0001756192 0.0000000000 0.0000000000 0.0000000000 0.0102070284 0.0000000000 0.0000000000
0.0001492189 0.0025816251 0.0048348177 0.0039848334 0.0001839906 0.0053343462 0.0098007945 0.1490521201 0.0226901108 0.0048797758 0.0079348346 0.1496159181 0.1918113233 0.1520337498 0.0159822000 0.0058892618 0.0333761576 0.1546661574 0.0386443675 0.0087784469 0.0003649124 0.0105628075 0.0162886909 0.0101246303 0.0004349090
0.0001976700 0.0049726472 0.0141248743 0.0159670727 0.0003505836 0.0036974224 0.0130851948 0.1548298448 0.0360796655 0.0066248159 0.0129716029 0.1443646737 0.1773790975 0.1482691132 0.0129715647 0.0073012537 0.0255621639 0.1500277810 0.0435395027 0.0050404287 0.0002305307 0.0050123085 0.0086752882 0.0081972109 0.0005276886
0.0001175184 0.0035322209 0.0085054595 0.0034875286 0.0001184966 0.0051120977 0.0248391304 0.1598779495 0.0263676070 0.0002095726 0.0058247407 0.1638089459 0.2051385741 0.1627220094 0.0145996927 0.0002632186 0.0186580827 0.1651866361 0.0143900930 0.0001519818 0.0000000046 0.0040434063 0.0130450240 0.0000000053 0.0000000036
0.0000000000 0.0000000302 0.0001223130 0.0000000324 0.0000000000 0.0000000314 0.0271303010 0.1795608565 0.0241674081 0.0000000276 0.0000976995 0.1782912227 0.2272067921 0.1749956097 0.0000633521 0.0000000167 0.0097825946 0.1720974048 0.0064755450 0.0000000063 0.0000000000 0.0000000021 0.0000087541 0.0000000000 0.0000000000
0.0000000000 0.0000000270 0.0000154107 0.0054803907 0.0000000000 0.0000000144 0.0000818354 0.1743978915 0.0000000000 0.0000000073 0.0095263256 0.1744594711 0.2297313259 0.1761503163 0.0000000000 0.0000000000 0.0416323958 0.1750685964 0.0134559919 0.0000000000 0.0000000000 0.0000000000 0.0000000000 0.0000000000 0.0000000000
0.0002829519 0.0000000016 0.0014694772 0.0001255096 0.0000000000 0.0021041831 0.0097687210 0.0135597706 0.0019553947 0.0002237971 0.0756202083 0.0711849348 0.0309457783 0.0134163103 0.0006671594 0.0262636127 0.6047767373 0.0672948372 0.0063936884 0.0006013415 0.0023174943 0.0000000000 0.0707733061 0.0000000000 0.0002547846
0.0003972877 0.0132522346 0.0442717805 0.0000000000 0.0006064484 0.0101316769 0.0609228363 0.1089108269 0.0873561423 0.0121771401 0.0000201849 0.1218288516 0.1408357614 0.1043003122 0.0235990690 0.0152939749 0.0305594530 0.1012647021 0.0750757948 0.0076996683 0.0000000046 0.0100824203 0.0236181205 0.0075572029 0.0002381059
0.0005167273 0.0117723046 0.0172372349 0.0082142677 0.0002577804 0.0095086408 0.0391911695 0.1339805158 0.0318438447 0.0085411054 0.0198324639 0.1276946625 0.1452775708 0.1407618420 0.0156158467 0.0138529526 0.0342447597 0.1347274130 0.0395559566 0.0131409114 0.0006441548 0.0084501912 0.0263490122 0.0184637007 0.0003249709
0.0000000000 0.0000000010 0.0000053278 0.0000000003 0.0000000000 0.0000000029 0.0042856293 0.0148154635 0.0008343656 0.0000000002 0.0340660713 0.0812017276 0.0367015201 0.0152619386 0.0000029554 0.0000885672 0.7334621048 0.0784494811 0.0005949331 0.0000000000 0.0000000000 0.0000000000 0.0002299101 0.0000000000 0.0000000000
0.0000209882 0.0002624314 0.0048505448 0.0331003048 0.7583722046 0.0001192971 0.0012328636 0.0022981223 0.0312807380 0.0606141241 0.0000000000 0.0004457236 0.0034531944 0.0059665673 0.0879134564 0.0000000000 0.0000000000 0.0009357721 0.0059559142 0.0029294704 0.0000000000 0.0000004442 0.0001653591 0.0000824635 0.0000000160
0.0000000072 0.0047190107 0.0020550856 0.0059966192 0.0003350445 0.0042439402 0.0488224123 0.1550075453 0.0800582671 0.0038066797 0.0123968530 0.1383235372 0.1939387000 0.1405320918 0.0115556380 0.0000000040 0.0390730731 0.1399683185 0.0120380011 0.0000000139 0.0000000000 0.0000000140 0.0000692519 0.0070598916 0.0000000000
0.0001271805 0.0060604355 0.0114211775 0.0064807421 0.0002415104 0.0076189951 0.0251076143 0.1144316270 0.0326520649 0.0060931820 0.0195486979 0.1175112238 0.1431127110 0.1196601368 0.0179833172 0.0145947237 0.0603437549 0.1333376471 0.0699277022 0.0163810878 0.0005766076 0.0171776505 0.0437035614 0.0152434397 0.0006632090
0.0002037386 0.0017896229 0.0017617914 0.0005259839 0.0000000000 0.0032971082 0.0113511195 0.0083915818 0.0018341271 0.0004264193 0.1076082067 0.0420946084 0.0193983753 0.0094381874 0.0015869558 0.0325642563 0.4266889797 0.0525741437 0.0164783226 0.0018030480 0.0047045224 0.0893873889 0.1572179818 0.0083615763 0.0005119542
0.0000009457 0.0000000000 0.0007166515 0.0006717944 0.0000137341 0.0001539594 0.0025069168 0.0310738166 0.0055982863 0.0012705651 0.0007398194 0.0321980541 0.0504724249 0.1185028288 0.0097341375 0.0027026957 0.0176259763 0.3524279094 0.0887967526 0.1197361831 0.0002870078 0.0189640034 0.0215466102 0.1176039951 0.0066549318
0.0000000000 0.0000000000 0.0000000000 0.0798519731 0.3501924771 0.0000000000 0.0000724358 0.0055174344 0.0252665137 0.2136272798 0.0000184094 0.0004605149 0.0013800189 0.0052484718 0.0532210740 0.0000000000 0.0000000000 0.0123911069 0.0348320866 0.1325534733 0.0000000000 0.0000000000 0.0188139979 0.0623203285 0.0042324040
0.0006440897 0.0081274744 0.0187629619 0.0181879029 0.0007767927 0.0244075840 0.0232815761 0.1015459856 0.0667408530 0.0150590392 0.0000000000 0.1172432757 0.1173799686 0.1170966078 0.0158087220 0.0085899954 0.0633692179 0.0932931104 0.0830252038 0.0244977650 0.0004867538 0.0244263838 0.0470263144 0.0097378196 0.0004846023
0.0004396066 0.0205123563 0.0265581943 0.0109090412 0.0007929428 0.0068763652 0.0613758199 0.0949831846 0.0410097544 0.0133980940 0.0233410204 0.1102504362 0.1182076850 0.1001946081 0.0277466577 0.0150633432 0.0515394984 0.1009376940 0.0922361474 0.0239806462 0.0005452658 0.0120870105 0.0267723726 0.0199227969 0.0003194583
0.0003112052 0.0030774347 0.0072529207 0.0046637452 0.0002344166 0.0001357713 0.0261736830 0.1509814191 0.0308257591 0.0000000000 0.0054296024 0.1546043087 0.1895771418 0.1622624013 0.0101177759 0.0028576842 0.0350614474 0.1535334640 0.0311207503 0.0048719511 0.0002717219 0.0056692552 0.0182277791 0.0027383601 0.0000000014
0.0003532918 0.0071591758 0.0340435886 0.0174087048 0.0005279201 0.0054662318 0.0457059304 0.1240963127 0.0421133202 0.0116836231 0.0297317109 0.1257873755 0.1467238463 0.1294910898 0.0202561610 0.0096999721 0.0363086192 0.1228015330 0.0524840393 0.0055506300 0.0004082160 0.0057818875 0.0188397808 0.0070532534 0.0005237861
0.0000000019 0.0002338570 0.0017349939 0.0001117109 0.0000000018 0.0001207289 0.0181391702 0.1789049218 0.0071075014 0.0001926534 0.0011523398 0.1782848316 0.2282694762 0.1790293319 0.0054449773 0.0002612149 0.0054522096 0.1764852713 0.0098642591 0.0026250621 0.0000000000 0.0000000000 0.0064660489 0.0000000021 0.0001194341
0.0000944342 0.0008888304 0.0127629213 0.0008942515 0.0000565572 0.0022132553 0.0495517664 0.1536378373 0.0517908988 0.0034601118 0.0091080771 0.1528163480 0.1834398621 0.1496791590 0.0064225195 0.0019877686 0.0438431248 0.1441423499 0.0325837164 0.0004123592 0.0000000018 0.0000571466 0.0000524275 0.0001042752 0.0000000000
0.0000000058 0.0097986422 0.0204417561 0.0055357571 0.0002795757 0.0040478668 0.0351213262 0.1688432429 0.0266061092 0.0033040734 0.0205660644 0.1456989614 0.1907825111 0.1382605843 0.0095370565 0.0059860342 0.0234465767 0.1404566030 0.0312472264 0.0049702754 0.0002102674 0.0005380031 0.0136843337 0.0002584907 0.0003786565
0.0002519211 0.0075327620 0.0105862411 0.0063064132 0.0002558848 0.0056120532 0.0242625797 0.1517483652 0.0243870707 0.0064707598 0.0106521557 0.1531322177 0.1950232121 0.1522485761 0.0122834813 0.0055988295 0.0284584515 0.1590324286 0.0243876095 0.0041063713 0.0001778265 0.0037281296 0.0095335448 0.0039974091 0.0002257058
0.0000000000 0.0000000189 0.0000728660 0.0000000176 0.0000000000 0.0000000189 0.0185004910 0.1783477117 0.0163897162 0.0000000205 0.0000653369 0.1792612299 0.2316688130 0.1776142438 0.0000328642 0.0000000097 0.0097346494 0.1772549523 0.0110172576 0.0000000102 0.0000000000 0.0000000111 0.0000397611 0.0000000000 0.0000000000
