0.1091874421 0.1122551189 0.1090910065 0.1123006293 0.1143702520 0.1122873570 0.1089194129 0.1124023480 0.1091864333
0.1093566269 0.1128179652 0.1086818390 0.1109130480 0.1143715707 0.1127129577 0.1088230571 0.1126893832 0.1096335523
0.1105748545 0.1123684375 0.1104201437 0.1117508573 0.1138552489 0.1125357901 0.1087439954 0.1116745161 0.1080761565
0.1085572063 0.1120651137 0.1090293297 0.1129604481 0.1154406828 0.1119779791 0.1092888445 0.1124572759 0.1082231199
0.1082558501 0.1133489053 0.1082324639 0.1114856180 0.1143970253 0.1133279527 0.1101315303 0.1111832272 0.1096374271
0.1085382681 0.1132753548 0.1091953908 0.1123679964 0.1149797456 0.1124982699 0.1084378162 0.1123070116 0.1084001467
0.1079374378 0.1132057258 0.1090457423 0.1128917155 0.1150205215 0.1124152434 0.1086806044 0.1122330415 0.1085699679
0.1085563708 0.1106299208 0.1096088070 0.1121558581 0.1146592518 0.1126726280 0.1095625237 0.1126378924 0.1095167474
0.1093955475 0.1116265607 0.1080861263 0.1134936737 0.1139652621 0.1127309541 0.1087955785 0.1137108025 0.1081954946
0.1091364538 0.1110339614 0.1099787177 0.1123709264 0.1137355258 0.1119946621 0.1092302655 0.1124973500 0.1100221374
0.1088300157 0.1124095398 0.1086581651 0.1126429683 0.1151759010 0.1124711848 0.1085048068 0.1127529589 0.1085544597
0.1090001724 0.1114513981 0.1097703467 0.1118238907 0.1152185861 0.1121412022 0.1100858772 0.1120450012 0.1084635253
0.1085787139 0.1128927521 0.1092331103 0.1117409479 0.1145096593 0.1106596677 0.1098422042 0.1129681109 0.1095748337
0.1085411841 0.1118888118 0.1088391346 0.1119378921 0.1147952513 0.1122035227 0.1095188588 0.1129308868 0.1093444578
0.1083992384 0.1124026301 0.1097344995 0.1123613998 0.1143875541 0.1125057206 0.1095556160 0.1129269579 0.1077263836
0.1077653559 0.1131565385 0.1074573658 0.1117504151 0.1159868251 0.1122198604 0.1080664378 0.1141821751 0.1094150264
0.1092152250 0.1121437054 0.1091505016 0.1122630087 0.1141887938 0.1123003045 0.1090594052 0.1124786141 0.1092004417
0.1080253594 0.1123884554 0.1082340184 0.1128208208 0.1151707628 0.1117920831 0.1089421451 0.1119178366 0.1107085184
0.1088868947 0.1108722845 0.1092942347 0.1123306738 0.1152921308 0.1124102992 0.1102610626 0.1109281270 0.1097242928
0.1096617776 0.1123583259 0.1088486294 0.1125982598 0.1153388449 0.1112257156 0.1073778199 0.1150696679 0.1075209590
0.1067989723 0.1118286863 0.1096422770 0.1121605383 0.1145112250 0.1118236573 0.1106494641 0.1142933647 0.1082918151
0.1095890624 0.1132571294 0.1081289020 0.1135500140 0.1142316426 0.1130760602 0.1074702846 0.1125396933 0.1081572114
0.1086425044 0.1121837598 0.1093971641 0.1136928901 0.1149789202 0.1147492181 0.1085446096 0.1101417368 0.1076691969
0.1094525153 0.1118937347 0.1095097774 0.1124684671 0.1142512409 0.1125702878 0.1096148823 0.1122089793 0.1080301151
0.1098524540 0.1124565118 0.1089986839 0.1123407426 0.1143971816 0.1129497532 0.1098016539 0.1106091657 0.1085938533
0.1085035965 0.1112871534 0.1079326727 0.1128540271 0.1147737427 0.1147031901 0.1097507109 0.1116935038 0.1085014027
0.1082811749 0.1130769235 0.1092875098 0.1116001850 0.1148881777 0.1136603825 0.1076061012 0.1133831026 0.1082164428
0.1087937351 0.1112172576 0.1074856341 0.1137721633 0.1141625347 0.1118080513 0.1102225198 0.1119568512 0.1105812528
0.1096538740 0.1117330667 0.1094328459 0.1131719621 0.1122147730 0.1125586492 0.1097023706 0.1117438128 0.1097886458
0.1086259804 0.1137511840 0.1096229927 0.1115826698 0.1151615691 0.1123918027 0.1082128353 0.1117870612 0.1088639046
0.1077623233 0.1124046283 0.1100997959 0.1129400319 0.1152540150 0.1128273965 0.1079147292 0.1129505793 0.1078465005
0.1123691817 0.1114774799 0.1096676413 0.1109923626 0.1144323402 0.1126203264 0.1089437240 0.1115438208 0.1079531231
0.1094715554 0.1118326363 0.1092883353 0.1122936723 0.1140465110 0.1122549660 0.1097644080 0.1124127842 0.1086351316
0.1091202996 0.1122944081 0.1090316795 0.1123550830 0.1142681640 0.1123237421 0.1093486673 0.1121849255 0.1090730309
0.1093422934 0.1119430053 0.1094200288 0.1127933787 0.1144076810 0.1124460824 0.1094974038 0.1106706300 0.1094794966
0.1097787372 0.1111873533 0.1091586028 0.1128985658 0.1149044261 0.1124723681 0.1081718299 0.1125408519 0.1088872650
0.1499969375 0.1431785535 0.1024634517 0.0919155455 0.1057647889 0.0000000000 0.1794175451 0.1268048069 0.1004583708
0.1090321579 0.1122088499 0.1081265515 0.1129574461 0.1140222632 0.1126406554 0.1105620342 0.1125648925 0.1078851494
0.1097355184 0.1121042449 0.1086748195 0.1124374660 0.1144951161 0.1125654823 0.1082757199 0.1130148499 0.1086967829
0.1106061375 0.1098028300 0.1092114960 0.1124957594 0.1143654939 0.1122921948 0.1098079250 0.1128093391 0.1086088242
0.1059956627 0.1119018597 0.1098811463 0.1118712761 0.1140277961 0.1131896040 0.1101051704 0.1133574762 0.1096700085
0.1081826306 0.1132703266 0.1081607237 0.1118187506 0.1145514562 0.1143678756 0.1079886776 0.1131164145 0.1085431446
0.1083214104 0.1123453966 0.1087271360 0.1107440996 0.1144105785 0.1144935880 0.1103492888 0.1116918831 0.1089166189
0.1082896312 0.1124374023 0.1081164970 0.1126941272 0.1156998434 0.1128836742 0.1080174146 0.1117271508 0.1101342593
0.1105025740 0.1112584899 0.1084699111 0.1128002343 0.1146467472 0.1117972372 0.1089115936 0.1120298863 0.1095833264
0.1093150932 0.1125045624 0.1092866242 0.1124381702 0.1136063478 0.1129069657 0.1089565390 0.1114814779 0.1095042196
0.2113859168 0.2074293891 0.0000000000 0.0946310618 0.0958071406 0.0000000000 0.0992087278 0.0989561157 0.1925816481
0.1091350590 0.1119687409 0.1092398856 0.1124624294 0.1144468979 0.1123327049 0.1089906815 0.1123934493 0.1090301517
0.1085719752 0.1132020089 0.1075109872 0.1132127803 0.1149882526 0.1132541626 0.1083035731 0.1110380105 0.1099182495
0.1084992865 0.1122240250 0.1090600229 0.1121699444 0.1150684426 0.1116475905 0.1098678795 0.1131420907 0.1083207179
