0.0000529875 0.0042675515 0.0268373343 0.1992763815 0.0038978696 0.0021420844 0.0124394504 0.0531007578 0.1312184395 0.1957339460 0.0031155522 0.0192258291 0.0370178494 0.1128957635 0.0722242476 0.0000000000 0.0061845336 0.0241632430 0.0427679476 0.0431853340 0.0000035558 0.0006684012 0.0000000000 0.0091760680 0.0004048724
0.0002335327 0.0022429323 0.0243177525 0.0109221001 0.0001045371 0.0031971940 0.0738798424 0.1025000125 0.0605159464 0.0056487456 0.0216141422 0.1176984001 0.1664808846 0.1067776658 0.0098889980 0.0057424031 0.0594519069 0.1292498700 0.0497399151 0.0083667168 0.0001606485 0.0220289801 0.0102586618 0.0084522603 0.0005259510
0.0000000000 0.0000000008 0.0000026775 0.0000000001 0.0000000000 0.0000000010 0.0023734078 0.0331664197 0.0005230131 0.0000000001 0.0062978380 0.1519776146 0.0963180969 0.0322992143 0.0000011475 0.0000225213 0.5307154604 0.1461799282 0.0000361594 0.0000000000 0.0000000000 0.0000000000 0.0000864991 0.0000000000 0.0000000000
0.0000000000 0.0000000033 0.0000399907 0.0000000034 0.0000000000 0.0000000017 0.0092307095 0.1719876820 0.0066752430 0.0000000047 0.0000062612 0.1733233638 0.2980136790 0.1698347395 0.0000000000 0.0000000011 0.0016209205 0.1691908217 0.0000765712 0.0000000026 0.0000000000 0.0000000012 0.0000000000 0.0000000000 0.0000000000
0.0004148548 0.0028153939 0.0090961316 0.0061917519 0.0003544470 0.0039967212 0.0294593319 0.1248182443 0.0457999401 0.0001741661 0.0170597901 0.1272616903 0.2152867948 0.1402462648 0.0178791471 0.0110975617 0.0539852455 0.0989737585 0.0530593573 0.0116909244 0.0003353618 0.0036700907 0.0172271804 0.0082541294 0.0008517202
0.0000781015 0.0093486835 0.0056783609 0.3113984397 0.0349008277 0.0000000000 0.0007913602 0.0369639220 0.0649364781 0.4448744768 0.0003443178 0.0037331459 0.0123590966 0.0241218658 0.0362680269 0.0000000000 0.0004457539 0.0037331459 0.0085811036 0.0000000000 0.0000000000 0.0000000000 0.0000223368 0.0012700714 0.0001504851
0.0000000000 0.0000000050 0.0000128855 0.0000000044 0.0000000000 0.0000000050 0.0021225116 0.1752128133 0.0050218216 0.0000000015 0.0000259608 0.1691008145 0.3041501536 0.1707877262 0.0000064984 0.0000000000 0.0000353088 0.1718404921 0.0016829977 0.0000000000 0.0000000000 0.0000000000 0.0000000000 0.0000000000 0.0000000000
0.0000000000 0.0000000000 0.0000000000 0.0000000000 0.0000000000 0.0000000000 0.0001553143 0.1730482853 0.0001707783 0.0000000038 0.0000000000 0.1716157450 0.3062409737 0.1747860522 0.0000000000 0.0000000000 0.0000417190 0.1738344592 0.0001066691 0.0000000000 0.0000000000 0.0000000000 0.0000000000 0.0000000000 0.0000000000
0.0000000000 0.0000000048 0.0000000000 0.0000000032 0.0000000000 0.0000000061 0.0001530477 0.1749365620 0.0032661058 0.0000000000 0.0000000000 0.1732447466 0.3023249387 0.1720860291 0.0000000000 0.0000000000 0.0000919021 0.1737921000 0.0001045539 0.0000000000 0.0000000000 0.0000000000 0.0000000000 0.0000000000 0.0000000000
0.0000000000 0.0000000000 0.0000323224 0.0000000026 0.0000000000 0.0000000025 0.0000253161 0.1713218035 0.0064239059 0.0000000000 0.0000000000 0.1745155991 0.3033153724 0.1722417374 0.0000000000 0.0000000000 0.0000526729 0.1720255831 0.0000456821 0.0000000000 0.0000000000 0.0000000000 0.0000000000 0.0000000000 0.0000000000
0.0000880770 0.0057944150 0.0083070680 0.0043644950 0.0001497577 0.0036837434 0.0337974988 0.1290862635 0.0340531165 0.0043465869 0.0158475999 0.1371768870 0.2219420635 0.1406206781 0.0086059534 0.0063550968 0.0348839582 0.1603647274 0.0231603287 0.0056388949 0.0001318697 0.0051947225 0.0137220726 0.0024763982 0.0002077272
0.0000000000 0.0000000050 0.0000125699 0.0000000002 0.0000000000 0.0000000277 0.0262964496 0.0698550983 0.0015506284 0.0000000000 0.0003968413 0.4520166413 0.1658023922 0.0531386778 0.0000000000 0.0003087680 0.0667564356 0.1623898432 0.0012453250 0.0000000002 0.0000000000 0.0002184293 0.0000118667 0.0000000001 0.0000000000
0.0078413264 0.1811209012 0.0650840936 0.0396113134 0.0007677424 0.1847421383 0.1269991486 0.1234646727 0.0410595242 0.0093758861 0.0355201880 0.0632616358 0.0399301164 0.0233334097 0.0049015690 0.0046314009 0.0158408392 0.0193213561 0.0067376584 0.0009177312 0.0000457520 0.0024177768 0.0030715212 0.0000000000 0.0000022984
0.0000000000 0.0000000000 0.0000000000 0.0000000000 0.0000000000 0.1201962357 0.0196328377 0.0000000000 0.0002582553 0.0000000000 0.0317679246 0.0186381875 0.0036562365 0.0013348787 0.0000000000 0.0542356166 0.0157851530 0.0051364391 0.0003228303 0.0000000000 0.4668866252 0.2467665004 0.0153822796 0.0000000000 0.0000000000
0.0001192999 0.0031184746 0.0084041848 0.0050205002 0.0000650669 0.0012327672 0.0303824424 0.1441069723 0.0290956177 0.0035578949 0.0076447675 0.1487767133 0.2361327042 0.1381459360 0.0073527320 0.0048251888 0.0334426834 0.1435678252 0.0371632641 0.0028699271 0.0000734271 0.0048103415 0.0048069726 0.0052143347 0.0000699618
0.0000000000 0.0000000000 0.0005485554 0.0004445098 0.0000000000 0.0000000000 0.0000248244 0.1116583716 0.4979395145 0.0003776232 0.0000000000 0.0323429658 0.0907065674 0.2252880189 0.0000540778 0.0000000000 0.0000029596 0.0405931475 0.0000188639 0.0000000000 0.0000000000 0.0000000000 0.0000000000 0.0000000000 0.0000000000
0.0001693278 0.0020056349 0.0094096337 0.0023261899 0.0001234778 0.0032934384 0.0332479685 0.1178205631 0.0328282505 0.0060372784 0.0148100689 0.1283449370 0.2059460945 0.1600938671 0.0093629759 0.0064512164 0.0134712043 0.1534687056 0.0689791503 0.0029318800 0.0003141176 0.0070197918 0.0138674486 0.0073740167 0.0003027622
0.0000068651 0.0001464981 0.0000000000 0.0000000000 0.0000000000 0.0002631681 0.0019630137 0.0102012754 0.0001590648 0.0000256928 0.0000328349 0.0325368470 0.0366355579 0.0123589060 0.0005041116 0.0172210490 0.2381827066 0.0865484846 0.0119566711 0.0018217432 0.0242256381 0.1089327855 0.3219645883 0.0774315488 0.0168809495
0.0000000000 0.0000000153 0.0000518104 0.0000000140 0.0000000000 0.0000000106 0.0122438354 0.1780047241 0.0091290615 0.0000000083 0.0000342717 0.1692220272 0.2967812561 0.1664838209 0.0000000000 0.0000000073 0.0001767117 0.1676712136 0.0002012119 0.0000000000 0.0000000000 0.0000000000 0.0000000000 0.0000000000 0.0000000000
0.0002617611 0.0093345859 0.0806455436 0.1628228586 0.5233664418 0.0000000000 0.0198895543 0.0150719777 0.0293886734 0.1298513863 0.0003782063 0.0011546347 0.0014490012 0.0054953710 0.0155340896 0.0000000133 0.0000000000 0.0013841957 0.0016177516 0.0022549662 0.0000000000 0.0000000000 0.0000870155 0.0000119722 0.0000000000
0.0000000000 0.0000000000 0.0001071479 0.0000000000 0.0000000000 0.0000000000 0.5426709507 0.1487797987 0.0000249296 0.0000000000 0.0000804954 0.1478434592 0.0974664664 0.0322101325 0.0000000000 0.0000000000 0.0000090951 0.0308038450 0.0000036795 0.0000000000 0.0000000000 0.0000000000 0.0000000000 0.0000000000 0.0000000000
0.0000000000 0.0002768812 0.0724579525 0.0106477727 0.0000006015 0.0002167696 0.0199630206 0.1255586073 0.4245787852 0.0326836069 0.0021563803 0.0296808941 0.0754970092 0.1165225230 0.0520575936 0.0000175328 0.0025569823 0.0297567141 0.0034044856 0.0000000028 0.0000000000 0.0000000003 0.0000048775 0.0019610071 0.0000000000
0.0000000000 0.0002958606 0.0019470099 0.0028677849 0.0000891525 0.0026406908 0.0245215458 0.1742085627 0.0282170846 0.0024365354 0.0071117047 0.1592452425 0.2625338511 0.1580506016 0.0071720908 0.0000000105 0.0116126076 0.1488042384 0.0082122686 0.0000000118 0.0000000000 0.0000000078 0.0000331318 0.0000000055 0.0000000000
0.0000000000 0.0000000012 0.0000042392 0.0000000002 0.0000000000 0.0000000056 0.0057073063 0.0339394263 0.0013568428 0.0000000000 0.0215471267 0.1946250820 0.0757883688 0.0274589188 0.0000043421 0.0856122662 0.4221350590 0.0976112525 0.0040001264 0.0000000001 0.0000000000 0.0275010394 0.0027085963 0.0000000000 0.0000000000
0.0001606193 0.0022727076 0.0104277528 0.0069740471 0.0000941849 0.0057356373 0.0294243667 0.1235774101 0.0438972875 0.0049825252 0.0143261234 0.1312179348 0.2104220113 0.1533780230 0.0131216264 0.0041018560 0.0512647223 0.1309245002 0.0307948383 0.0099116545 0.0001739729 0.0023806507 0.0110181178 0.0092473862 0.0001700438
0.0000000000 0.0001167152 0.0000116415 0.0000000001 0.0000000000 0.0002591485 0.0189272362 0.0316485025 0.0003398510 0.0000000000 0.0669754819 0.3213903160 0.0433029685 0.0077752040 0.0000003699 0.0001661689 0.4531539474 0.0545691081 0.0010097596 0.0000000000 0.0000000000 0.0000244263 0.0003291545 0.0000000000 0.0000000000
0.0000000000 0.0061953632 0.0097697654 0.0046295996 0.0002565723 0.0042080896 0.0410870405 0.1233204650 0.0582436072 0.0079666093 0.0093071138 0.1242766950 0.1903460398 0.1175456096 0.0151673558 0.0113786272 0.0543620501 0.1372814826 0.0442078644 0.0085764795 0.0002243172 0.0113779304 0.0105429446 0.0095070915 0.0002212861
0.0000000000 0.0000000175 0.0000202638 0.0000000025 0.0000000000 0.0000000123 0.0000413524 0.1700006764 0.0056776516 0.0000000064 0.0000000000 0.1822492499 0.2984788131 0.1750552282 0.0000000000 0.0000000044 0.0000516643 0.1683372702 0.0000877869 0.0000000000 0.0000000000 0.0000000000 0.0000000000 0.0000000000 0.0000000000
0.0000000000 0.0000000082 0.0000112335 0.0000000042 0.0000000000 0.0000000029 0.0064621877 0.1718624024 0.0027094730 0.0000000000 0.0000000000 0.1702324272 0.3052320664 0.1715619933 0.0000000000 0.0000000000 0.0000734380 0.1717645761 0.0000901872 0.0000000000 0.0000000000 0.0000000000 0.0000000000 0.0000000000 0.0000000000
0.0002533134 0.0034601301 0.0016839925 0.0004216071 0.0000009740 0.0143267809 0.0139518229 0.0555407685 0.0026172856 0.0000000000 0.0256085076 0.3468183239 0.1239762346 0.0496229827 0.0011601189 0.0688568323 0.0392140739 0.1640190087 0.0053277073 0.0007028397 0.0028045461 0.0621505744 0.0157802982 0.0016836300 0.0000176468
0.0000000000 0.0000000070 0.0000231199 0.0000000036 0.0000000000 0.0000000041 0.0000759001 0.1722428872 0.0056227628 0.0000000000 0.0000000000 0.1724080678 0.3027369728 0.1723262040 0.0000000000 0.0000000000 0.0000233722 0.1744601898 0.0000805088 0.0000000000 0.0000000000 0.0000000000 0.0000000000 0.0000000000 0.0000000000
0.0001041634 0.0028549906 0.0097619007 0.0028576364 0.0000762053 0.0042351969 0.0228312014 0.1021170211 0.0335922983 0.0053192131 0.0110464415 0.1073252823 0.1719192554 0.1138325661 0.0234629737 0.0090700950 0.0612222943 0.1652922465 0.0711120663 0.0120758682 0.0004446588 0.0190646540 0.0323395458 0.0176108206 0.0004314045
0.0002009127 0.0018559789 0.0032181930 0.0005280625 0.0000000000 0.0056853204 0.0209928873 0.0196903311 0.0053208213 0.0005328141 0.0709725699 0.0879894988 0.0453326513 0.0199096910 0.0034598860 0.0441202390 0.3233392454 0.1109202785 0.0351187250 0.0047192227 0.0029069083 0.0570533011 0.1263973830 0.0093796662 0.0003554125
0.0000000000 0.0000000005 0.0169847867 0.1024904468 0.0000000000 0.0000000002 0.0057469092 0.0855162271 0.3720786320 0.0948732868 0.0000045010 0.0240273105 0.0662779156 0.1721245868 0.0222802691 0.0000000000 0.0013954038 0.0299363518 0.0062597831 0.0000000053 0.0000000000 0.0000000001 0.0000035829 0.0000000005 0.0000000000
0.0001062704 0.0017430676 0.0125131088 0.0027874623 0.0001738074 0.0038123862 0.0270512998 0.1366996186 0.0506580789 0.0036634303 0.0106836473 0.1391610895 0.2287037233 0.1334555625 0.0214535085 0.0030878368 0.0251875725 0.1452254831 0.0317324148 0.0021137507 0.0001503717 0.0078780869 0.0061068653 0.0056236963 0.0002278605
0.0005339199 0.0153303018 0.0271416181 0.0170160952 0.0003859067 0.0141354306 0.0527405521 0.1224108408 0.0803290698 0.0124075321 0.0185516232 0.1239104185 0.1572172119 0.1036254659 0.0267727503 0.0051068982 0.0453839329 0.1067288779 0.0494664702 0.0051938408 0.0001560805 0.0004768758 0.0107825826 0.0040174288 0.0001782753
0.0000000000 0.0000000000 0.0000000000 0.0000000000 0.0000000000 0.0000000000 0.0005059536 0.2865569397 0.0002797925 0.0000000000 0.0000000000 0.1572156693 0.3136196991 0.1636860410 0.0000000000 0.0000000000 0.0000056499 0.0781207584 0.0000094966 0.0000000000 0.0000000000 0.0000000000 0.0000000000 0.0000000000 0.0000000000
0.0000000023 0.0002236918 0.0016210610 0.0000000065 0.0000000015 0.0000000093 0.0103872530 0.1645892431 0.0097842784 0.0001360053 0.0000415074 0.1615138361 0.2821425787 0.1684489219 0.0000193343 0.0000000067 0.0129919993 0.1621185464 0.0075080056 0.0000000088 0.0000000000 0.0000000075 0.0184736837 0.0000000114 0.0000000000
0.0000000051 0.0005660925 0.0018738280 0.0002505402 0.0000000034 0.0003671293 0.0143611763 0.1730011226 0.0268849796 0.0001883741 0.0000103780 0.1767006459 0.2848475266 0.1489965611 0.0000365223 0.0001722753 0.0089769906 0.1557430747 0.0069885156 0.0000000106 0.0000000000 0.0000000162 0.0000342259 0.0000000061 0.0000000000
0.0001909908 0.0040568656 0.0107514038 0.0071755651 0.0001948016 0.0044437260 0.0000421501 0.1593873943 0.0224564699 0.0000000028 0.0123354095 0.1619150138 0.2437646718 0.1755287312 0.0173575099 0.0000000000 0.0000000000 0.1586833567 0.0000236709 0.0000000000 0.0001464482 0.0042993092 0.0133456550 0.0036215878 0.0002792660
0.0000000000 0.0000000011 0.0000059223 0.0000000004 0.0000000000 0.0000000015 0.0057046673 0.0329760023 0.0008151973 0.0000000002 0.0108861496 0.1509261277 0.0956382246 0.0318013784 0.0000032414 0.0000000000 0.5224692690 0.1454427616 0.0017508481 0.0013159201 0.0000000000 0.0000000000 0.0000995042 0.0000000000 0.0001647829
0.0000000000 0.0000000000 0.0004753641 0.0034030774 0.0000000000 0.0000000027 0.0232972261 0.1302454770 0.0271282101 0.0018517177 0.0150677172 0.1158590701 0.1925581977 0.1367475288 0.0175549026 0.0071839309 0.0333679793 0.1528052545 0.0781947228 0.0094795005 0.0002747961 0.0153112394 0.0279218039 0.0109911312 0.0002811500
0.0000000000 0.0000000000 0.6836627644 0.0000250164 0.0000000000 0.0000000000 0.1251468653 0.0821248112 0.0803645167 0.0000026696 0.0000004427 0.0085623598 0.0150171271 0.0026348512 0.0000002068 0.0000000000 0.0000001628 0.0024582061 0.0000000000 0.0000000000 0.0000000000 0.0000000000 0.0000000000 0.0000000000 0.0000000000
0.0002906573 0.0109144246 0.0174786251 0.0116065453 0.0001863185 0.0118376190 0.0541641229 0.1439678609 0.0673696098 0.0088767964 0.0190722617 0.1315178374 0.1936734439 0.1332453695 0.0081836663 0.0020859162 0.0302737129 0.1169866130 0.0298309224 0.0017796368 0.0000643669 0.0033569140 0.0029246242 0.0003121325 0.0000000024
0.0000000000 0.0016378256 0.0000000000 0.0005980978 0.0000234579 0.0025865407 0.0063447332 0.0207655981 0.0148801438 0.0018977061 0.0168892629 0.0387980095 0.0433526176 0.0309351945 0.0098569498 0.0241891999 0.1785821742 0.1116010543 0.1770755694 0.0265463842 0.0190022806 0.0525253420 0.1762670886 0.0263037048 0.0193410645
0.0000000000 0.0000000042 0.0000000000 0.0000000026 0.0000000000 0.0000000000 0.0031345862 0.1760469097 0.0032679238 0.0000000046 0.0000135190 0.1720714389 0.2990222141 0.1763548787 0.0000110865 0.0000000000 0.0001031042 0.1699743274 0.0000000000 0.0000000000 0.0000000000 0.0000000000 0.0000000000 0.0000000000 0.0000000000
0.0003840120 0.0122895493 0.0266744793 0.0124600430 0.0003776323 0.0120699148 0.0672375258 0.1001533053 0.0681191701 0.0123317372 0.0269221052 0.0998355965 0.1225108234 0.0998848837 0.0268504647 0.0121967486 0.0679217130 0.0996730755 0.0677428113 0.0122037029 0.0003802869 0.0121721154 0.0269919020 0.0122412354 0.0003751662
0.0028604661 0.0649926295 0.1223934674 0.0111539018 0.0004680481 0.0637770731 0.2571791079 0.0817351236 0.0343084120 0.0042527804 0.1223838655 0.0815062732 0.0402096878 0.0203607726 0.0055436456 0.0111343378 0.0344662905 0.0196655707 0.0089939509 0.0011750170 0.0004780853 0.0044698697 0.0054087028 0.0010829207 0.0000000000
0.0000785779 0.0101203443 0.0061316116 0.0022352209 0.0001531729 0.0021407755 0.0338251773 0.1435739222 0.0309422665 0.0020152327 0.0014424756 0.1652771513 0.2368834565 0.1407278847 0.0134307131 0.0001409962 0.0339307517 0.1496233595 0.0141362663 0.0031507779 0.0000000007 0.0002187422 0.0071375635 0.0026835576 0.0000000014
0.0000000000 0.0001506305 0.0007384869 0.0000072342 0.0000000000 0.0017625740 0.0028311884 0.0671592642 0.0018717430 0.0000000000 0.0074765920 0.4680196161 0.1831067139 0.0613972403 0.0000000000 0.0000145579 0.0048529273 0.2004532496 0.0001204140 0.0000000000 0.0000000000 0.0000375675 0.0000000000 0.0000000000 0.0000000000
